[111, 122, 10]
[117, 97, 105, 96, 39, 38, 53, 10, 53]
[10, 59, 53, 29, 112, 110, 53, 96, 10, 29]
[112, 97, 59, 21, 110, 53, 39, 38, 10]
[39, 38, 53, 29, 47, 53, 10, 105, 29, 105, 59, 53, 29, 39, 10, 21, 53]
[38, 10, 59, 53, 29, 38, 21, 29, 10, 110, 21, 47, 10, 29]
[97, 105, 96, 59, 39, 53, 10, 57, 10, 21, 29, 105, 59, 53, 29, 110, 105, 53, 105, 105, 59, 53, 29, 105, 59, 53, 29]
[97, 59, 21, 110, 53, 59, 39, 53, 10, 112, 110, 53, 112, 110, 53, 38, 97]
[29, 111, 24]
[97, 53, 26, 116, 29]
[53, 111, 38, 29, 55]
[97, 116, 10, 111, 71, 39]
[9, 111, 38, 29, 55]
[2, 91, 46]
[91, 86, 10, 38, 53, 93, 75, 39, 41, 102, 53, 10, 97, 53, 21]
[55, 57, 111, 53, 61, 23, 10, 21, 29, 31, 111, 36, 96, 10, 29]
[36, 55, 53, 71, 61, 39, 53, 10, 65, 55, 53, 71, 61, 97, 10]
[31, 36, 39, 53, 96, 10, 29]
[31, 111, 36, 39, 53, 10, 29, 47, 53, 10, 71, 61, 97, 10, 65, 55, 53, 71, 61, 97, 10]
[111, 36, 47, 41, 111, 53, 61, 39, 36, 10]
[50, 39, 53, 10, 36, 29]
[71, 29, 38, 111, 10, 53, 116, 29, 10, 53]
[39, 10, 53, 96, 97, 91, 55, 53, 38, 29, 10, 21, 29]
[31, 111, 36, 53, 10, 97]
[53, 111, 39, 46, 71, 10, 41, 97, 36, 53, 29, 26, 46, 10]
[39, 111, 36, 97, 10, 53, 47, 61, 10]
[36, 53, 10, 111, 29, 9, 21, 47, 10, 29]
[111, 29, 10, 36]
[36, 39, 53, 10, 21, 47, 10, 29, 10]
[36, 97, 10, 39, 53, 10, 96, 53]
[53, 111, 29, 10]
[31, 111, 36, 83, 29, 36, 10, 53]
[36, 53, 111, 55, 97, 47, 10, 102, 53]
[36, 111, 41, 1, 46, 10, 111, 57, 29, 77, 97, 10, 29, 38, 105, 53]
[31, 111, 36, 111, 53, 61, 23, 10, 21, 29, 116, 39, 53, 10]
[38, 29, 55, 10, 59, 53, 29, 83, 97, 59, 21, 110, 53, 93, 116, 10, 57, 10, 38, 97, 115, 97, 10, 105, 59, 53, 29]
[36, 29, 111, 53, 61, 23, 10, 21, 29, 39, 38, 53, 97, 21, 47, 10, 29]
[47, 41, 111, 53, 61, 39, 36, 70, 86, 10, 57, 38, 10, 97, 53, 91, 86, 97, 10, 53, 96, 117, 90, 53, 86, 10, 40, 116, 29]
[55, 97, 55, 10, 97, 21, 55, 97]
[91, 86, 97, 70, 10, 59, 53, 29, 70, 110, 38, 53, 10, 53, 96, 117, 53, 90, 97, 96, 10, 29, 115, 55, 105, 29, 105, 59, 53, 29, 39, 38, 10, 96, 53, 39, 90, 53, 57, 10, 97, 59, 21, 110, 53, 96]
[36, 10, 53, 91, 86, 97, 10, 26, 38, 115, 29, 10, 21]
[110, 53, 55, 91, 86, 97, 70, 110, 38, 53, 96, 10, 29, 39, 53, 10, 90, 53, 26, 53, 10, 111, 53, 61, 23, 10, 21, 29, 115, 21]
[59, 21, 110, 53, 38, 53, 86, 10, 29, 115, 36, 97, 10]
[65, 55, 53, 71, 61, 97, 10, 47, 41, 111, 53, 61, 39, 36, 77, 39, 47, 41, 111, 53, 61, 39, 36, 77, 57, 47, 10, 26, 8]
[36, 39, 53, 47, 41, 111, 53, 61, 39, 36, 77, 39, 65, 55, 53, 71, 61, 97, 10, 61, 57, 47, 65, 61, 39, 41, 26, 53, 10, 41, 102, 53, 10, 61, 39, 46, 10, 26, 59]
[71, 102, 29, 40, 111, 53, 61, 23, 10, 21, 29, 41, 53]
[36, 111, 41, 1, 46, 55, 53, 71, 61, 97, 10, 47, 41, 111, 53, 61, 77, 39, 36, 111, 41, 1, 46, 55, 53, 71, 61, 97, 10, 47, 41, 111, 53, 61, 10]
[111, 41, 111, 53, 61, 23, 10, 21, 29, 41, 102, 29, 40, 71, 61, 97, 10, 57, 10, 21, 53]
[36, 111, 41, 1, 46, 55, 53, 71, 61, 97, 10, 47, 41, 111, 53, 61, 57, 47, 65, 61, 39, 41, 102, 53, 10, 23, 47, 10, 26, 21]
[102, 53, 10, 47, 41, 111, 53, 61, 39, 36, 61, 57, 47, 65, 61, 39, 41, 65, 55, 53, 71, 61, 97, 10, 41, 1, 26, 53, 21, 53]
