[72, 111, 122, 10]
[10, 53, 21, 29, 105, 53]
[38, 29, 53, 10, 29, 38, 21, 53, 29]
[10, 29, 83, 53, 59, 21, 110, 53, 97, 10, 110, 53]
[38, 29, 59, 53, 29, 10, 29, 38, 110, 21, 29]
[29, 111, 10, 29]
[97, 10, 53, 55, 83, 38, 110, 97, 116, 10, 93, 38, 10, 29]
[29, 111, 24]
[2, 46, 23, 91]
[2, 91, 46]
[10, 91, 53, 29, 86, 97, 40, 10, 21, 38, 53]
[86, 10, 116, 97, 40, 10, 53, 29]
[29, 111, 29, 10, 96, 36]
[10, 111, 29, 53, 38, 29, 36, 10]
[31, 111, 10, 36, 53, 29, 10]
[111, 53, 10, 46, 41, 36, 61, 53, 39, 71, 26, 29, 46, 10]
[53, 111, 39, 36, 61, 46, 10, 53, 10, 41, 29, 61, 10]
[31, 111, 39, 40, 10]
[39, 111, 50, 53, 29, 36, 10]
[53, 111, 39, 46, 71, 10, 41, 97, 36, 53, 29, 26, 46, 10]
[39, 111, 36, 97, 10, 53, 47, 61, 10]
[86, 10, 36, 97, 38, 111, 10, 53, 21, 26, 115, 29]
[111, 39, 36, 55, 47, 53, 29]
[29, 111, 53, 10, 36, 96]
[53, 111, 29, 10]
[31, 111, 36, 83, 29, 36, 10, 53]
[39, 111, 31, 53, 36, 10, 53, 29]
[111, 39, 38, 36, 10, 53, 116, 29, 38, 93]
[86, 10, 38, 40, 59, 53, 29, 110, 96, 53, 29]
[70, 10, 39, 96, 59, 53, 117, 29, 53, 96, 38, 91, 90, 97, 117, 10, 110, 53, 90, 96, 53, 29, 38]
[86, 10, 53, 29, 40, 97, 10, 91]
[29, 91, 86, 97, 40, 10, 29, 26, 115, 59, 91, 29]
[10, 91, 86, 53, 40, 10, 29, 21, 59, 53, 29, 110, 91, 53, 116, 29]
[96, 10, 110, 83, 38, 53, 39, 55, 10, 97, 97]
[44, 91, 86, 10, 29, 40, 26, 38, 97, 53, 115, 29, 21, 10]
[111, 70, 86, 10, 53, 97, 96, 91, 40, 38, 90, 53, 10, 39, 29, 97, 97, 55, 53]
[10, 96, 117, 91, 53, 96, 97, 111, 38, 29, 55, 10, 21, 29]
[97, 70, 53, 10, 29, 38, 29, 10, 36, 29, 117, 53, 105, 96, 53, 29]
[29, 91, 110, 10, 96, 53, 90, 97, 38, 53, 29, 26, 21, 10, 111, 29, 53]
[97, 111, 36, 53, 39, 10, 39, 53, 10, 41, 53, 61, 77, 39, 10, 53, 41, 46]
[103, 97, 53, 36, 41, 97, 53, 41, 47, 10, 111, 24, 10, 53, 71, 61, 77, 10, 29, 53, 26, 26, 57, 41]
[53, 111, 53, 46, 41, 36, 10, 53, 10, 97, 55, 53, 71, 61, 97, 10, 47, 41, 111, 53, 61, 10, 8, 53]
[53, 111, 39, 46, 41, 71, 53, 39, 47, 10, 102, 53, 46, 40, 21, 29]
[97, 111, 39, 46, 10, 53, 39, 41, 102, 53, 10, 40, 71, 29, 46, 61, 10, 97]
[53, 111, 55, 97, 53, 36, 61, 1, 97, 10, 41, 53, 39, 26, 71, 10, 5, 97, 21, 53, 47, 10, 36, 29]
[97, 111, 53, 36, 10, 53, 1, 41, 71, 39, 53, 10, 26, 61, 10, 53, 65, 47, 10, 111, 26, 53, 21, 29]
[46, 53, 78, 10, 29]
[29, 111, 53, 10, 57, 29, 53, 10]
[10, 111, 57, 29, 1, 10, 53]
[46, 53, 10, 111, 29, 55, 57, 29, 26]
