[111, 122, 10]
[38, 111, 10, 53, 111, 38, 29, 55, 116, 10]
[111, 53, 10, 111, 57, 29, 10, 53]
[83, 59, 53, 38, 53, 39, 55, 10, 38, 97, 59, 21, 110, 53, 93, 116, 10, 57, 10, 38, 97]
[117, 39, 96, 105, 96, 38, 10, 29, 53]
[38, 10, 59, 53, 29, 38, 21, 29, 10, 110, 21, 47, 10, 29]
[59, 39, 53, 10, 57, 10, 59, 21, 110, 53, 117, 29]
[29, 111, 24]
[97, 53, 26, 116, 29]
[53, 111, 38, 29, 55]
[111, 38, 29, 55, 116, 29]
[9, 111, 38, 29, 55]
[2, 91, 46]
[86, 10, 91, 90, 97, 40]
[91, 86, 10, 38, 53, 93, 75, 39, 41, 102, 53, 10, 97, 53, 21]
[36, 53, 111, 55, 97, 10, 96, 10, 29]
[36, 111, 41, 1, 46, 55, 53, 71, 61, 97, 10, 47, 41, 111, 53, 61, 57, 47, 65, 61, 10, 41, 29, 1, 61, 71, 10, 26, 97, 53, 57, 26, 29, 47, 53, 10, 23, 26]
[31, 39, 53, 10, 96, 40]
[50, 39, 53, 10, 36, 29]
[71, 29, 38, 111, 10, 53, 116, 29, 10, 53]
[39, 10, 53, 96, 97, 91, 55, 53, 38, 29, 10, 21, 29]
[31, 111, 36, 53, 10, 97]
[53, 111, 39, 46, 71, 10, 41, 97, 36, 53, 29, 26, 46, 10]
[39, 111, 36, 97, 10, 53, 47, 61, 10]
[36, 53, 10, 111, 29, 21, 47, 10, 29, 10]
[36, 53, 10, 111, 29, 9, 21, 47, 10, 29]
[36, 97, 53, 111, 38, 29, 55, 93, 10, 53, 38]
[111, 29, 10, 36]
[36, 39, 53, 10, 21, 47, 10, 29, 10]
[36, 29, 10, 39, 53, 10, 96, 53]
[31, 111, 36, 83, 29, 36, 10, 53]
[36, 53, 39, 53, 10, 29, 47, 53, 10, 21]
[36, 53, 111, 55, 97, 47, 10, 102, 53]
[36, 111, 41, 1, 46, 10, 111, 57, 29, 77, 97, 10, 29, 38, 105, 53]
[39, 111, 31, 53, 36, 10, 53, 29]
[36, 111, 41, 1, 46, 29, 86, 10, 36, 53, 91, 86, 97, 57, 38, 10, 29, 115, 29]
[91, 86, 97, 70, 86, 10, 39, 96, 38, 111, 10, 53, 47, 10, 102, 53, 10, 21, 29, 116, 10, 40, 112, 110, 53, 41, 71, 39, 53, 10, 39, 97, 53, 96]
[91, 86, 97, 70, 86, 10, 40, 59, 21, 110, 53, 55, 53, 117, 116, 29, 96]
[38, 111, 10, 53, 96, 117, 39, 96, 91, 86, 97, 105, 53, 55, 10, 97, 21, 53]
[36, 10, 53, 91, 86, 97, 10, 26, 38, 115, 29, 10, 21]
[38, 111, 10, 53, 91, 86, 97, 53, 90, 97, 110, 53, 10, 26, 96, 21, 29, 115, 29]
[38, 53, 86, 10, 29, 59, 21, 110, 53, 36, 97, 10, 53, 115, 29]
[111, 36, 55, 53, 71, 61, 97, 10, 47, 41, 111, 53, 61, 77, 39, 55, 53, 71, 61, 97, 10, 47, 41, 111, 53, 61, 57, 41, 77, 39, 26, 53]
[36, 111, 41, 1, 46, 55, 53, 71, 61, 97, 10, 47, 41, 111, 53, 61, 77, 39, 36, 111, 41, 1, 46, 55, 53, 71, 61, 97, 10, 47, 41, 111, 53, 61, 10]
[53, 111, 39, 46, 41, 71, 53, 39, 47, 10, 102, 53, 46, 40, 21, 29]
[36, 111, 41, 1, 46, 55, 53, 71, 61, 97, 10, 47, 41, 111, 53, 61, 1, 61, 71, 10, 26, 38, 10, 46, 46, 23, 53, 57, 47, 65, 61, 38, 21, 29, 10, 36, 29, 55, 53, 26, 53]
[36, 111, 41, 1, 46, 55, 53, 71, 61, 97, 10, 47, 41, 111, 53, 61, 65, 55, 53, 71, 61, 97, 10, 47, 41, 111, 53, 61, 102, 53, 46, 36, 97, 10, 26]
[46, 53, 78, 10, 29]
[57, 41, 53, 10]
[36, 97, 10, 39, 53, 57, 29, 38, 10]
