[33, 111, 10, 29, 116, 29]
[111, 10]
[39, 53, 10]
[53]
[111, 10]
[39, 53, 10]
[55, 39, 55, 97, 53, 10]
[53]
[53]
[39, 53, 10]
[103]
[103]
[39, 53]
[57, 39, 38, 10, 97, 53, 10]
[53]
[53]
[111, 122, 10]
[55, 111, 10, 116, 29, 10, 53]
[103]
[39, 53, 10]
[53]
[39, 53, 10]
[111, 10]
[53, 39, 10, 53]
[111, 10, 29]
[38, 39, 53, 10]
[10, 53]
[103]
[53]
[53, 39, 10, 53]
[26]
[10, 111, 29, 93, 10]
[103]
[71, 39, 55, 53]
[103]
[111, 10, 29]
[111, 10]
[71, 111, 55, 77, 10, 53]
[111, 57, 39, 53, 55, 10]
[111, 10]
[53]
[39, 53, 10]
[39, 53]
[39, 53, 10]
[111, 57, 29, 10, 53]
[53, 29, 53]
[39, 53, 10]
[53]
[103]
[53]
[112, 97, 110, 53, 38, 29, 10]
[112, 110, 53, 30]
[117, 97, 115, 105, 96, 105, 96, 53, 10]
[]
[112, 97, 59, 110, 53, 110, 38, 29, 10]
[38, 53, 21, 10, 105, 105, 53, 39, 10, 53]
[116, 10, 38, 53, 21, 29, 105, 53]
[112, 97, 110, 53, 38, 29, 10]
[112, 110, 53, 38, 29, 10]
[70, 38, 10, 53, 10, 29, 115, 105, 96, 53]
[]
[]
[97, 53, 38, 21, 47, 105, 29, 105, 39, 10, 53]
[96, 117, 53, 21, 10, 29, 53]
[38, 53, 21, 10, 38, 53, 29]
[38, 10, 59, 97, 53]
[112, 59, 110, 39, 53, 10, 38]
[38, 59, 53, 10]
[]
[39, 38, 53, 29, 21, 47, 10, 29, 116, 10, 38]
[53, 105, 21, 10, 53, 38, 10, 29]
[39, 59, 53, 57, 10, 21, 110, 117, 105, 29, 105, 29, 96, 105, 53, 29]
[117, 39, 38, 10, 115, 105, 96, 53]
[75, 53, 57, 10, 97, 53]
[59, 110, 39, 38, 53, 10, 29]
[53, 10, 21, 59, 53, 38, 29, 10, 115, 105, 96, 53, 110, 53]
[10, 59, 39, 38, 53, 21, 29, 110, 21, 47, 10, 29]
[47, 39, 38, 53, 21, 105, 96, 105, 53, 39, 10, 53]
[38, 59, 110, 39, 53, 75, 10, 97, 53]
[116, 10, 38, 53, 29, 112, 96, 110, 53, 30]
[116, 10, 38, 53, 21, 29, 105, 53]
[21, 59, 53, 116, 10, 38]
[39, 59, 53, 57, 10, 21, 110, 105, 105, 29, 105, 53, 29]
[29, 10, 111, 29]
[29, 111, 24]
[39, 26, 53, 116, 29]
[53, 111, 57, 29, 10]
[9, 111, 38, 10, 29]
[38, 39, 70, 110, 38, 47, 53, 10]
[41, 91, 91, 2]
[46, 23, 91, 41, 2]
[2, 91, 46]
[70, 59, 47, 10, 53, 21, 97, 96, 55]
[59, 10, 29, 115, 53, 96, 110, 105, 96, 105, 97, 96, 39, 38, 10, 117, 53, 97]
[29, 115, 55, 38, 117, 39, 10, 83, 53, 97, 59, 110, 53, 93, 116, 10, 38, 57, 105, 39, 53, 97, 10]
[70, 39, 117, 59, 110, 47, 10, 97, 96, 47, 53, 10, 83]
[111, 38, 91, 10, 38, 29, 70, 86, 21, 10, 29, 53, 97, 96, 47, 10, 29, 53, 41, 57, 47, 10, 21, 29, 110, 53, 116, 10, 105, 29, 71, 53, 10, 96]
[59, 110, 53, 116, 10, 97, 53, 55, 83]
[91, 38, 70, 86, 105, 53, 29, 41, 47, 10, 21]
[110, 105, 96, 53, 65, 47, 10, 63, 116, 10, 97]
[97, 59, 110, 38, 57, 10, 38, 33, 39, 53, 96]
[86, 10, 40, 38, 91, 29, 117, 116, 10, 97]
[59, 53, 97, 9, 10]
[115, 59, 59, 53, 97]
[91, 86, 10, 40, 38, 93, 75, 97, 21, 53, 39, 53, 10]
[97, 59, 86, 53, 97, 96, 10, 110, 38, 53, 97]
[91, 86, 10, 40, 59, 23, 24]
[105, 10, 53, 59, 21, 110, 83, 97, 10, 110, 53]
[83, 53, 38, 91, 21, 47, 90, 97, 53, 29, 10, 26]
[55, 47, 53, 65, 65, 97, 53, 47, 10, 29]
[90, 39, 38, 21, 10, 29, 59]
[59, 83, 53, 97, 91, 116, 10]
[10, 97, 86, 10, 40, 116, 47, 10, 29, 53]
[38, 91, 57, 86, 10, 40, 70, 21, 47, 29, 55, 116, 10, 38, 33, 97, 53]
[31, 111, 36, 53, 29, 10]
[111, 36, 53, 71, 97, 10]
[53, 97, 96, 111, 36, 55, 97, 10, 30]
[71, 111, 53, 65, 97, 10, 47, 41, 21, 97, 10, 8]
[36, 10, 39, 53, 47, 29, 10]
[111, 36, 39, 41, 53, 55, 97, 41, 47, 10, 26, 71, 97, 10, 57, 47, 41, 39, 57, 47, 65, 61, 97, 10, 26, 41, 53, 105, 53]
[97, 53, 47, 111, 36, 53, 47, 71, 97, 10]
[31, 36, 39, 53, 10, 96]
[31, 36, 39, 71, 55, 53, 65, 47, 10, 53, 29]
[39, 38, 21, 47, 36, 53, 55, 97, 116, 38]
[50, 36, 39, 53, 97, 10]
[71, 111, 116, 29, 10, 53]
[53, 36, 97, 39, 97, 53, 47, 53, 10]
[31, 36, 29, 71, 53, 10]
[111, 71, 10, 97, 36, 53, 29, 10]
[36, 39, 53, 47, 10, 53, 29]
[97, 53, 47, 10, 111, 36, 97]
[36, 97, 39, 53, 47, 10, 29]
[38, 93, 36, 39, 53, 10, 38, 116, 29, 10, 53]
[111, 29, 10, 31, 36]
[36, 39, 53, 10, 57, 53, 38, 10]
[53, 97, 96, 36, 10, 39, 53, 9, 10, 53]
[36, 111, 71, 97, 47, 53, 10, 30]
[53, 111, 29, 10]
[31, 111, 83, 29, 36, 10, 53]
[36, 111, 53, 39, 10, 53, 96]
[36, 53, 39, 10, 53, 47, 10]
[36, 111, 57, 29, 97, 10, 77, 10, 29, 105, 53]
[31, 36, 39, 53, 10, 97, 53]
[111, 57, 97, 53, 29, 10, 36]
[36, 105, 39, 53, 97, 116, 38, 61, 97, 10]
[97, 53, 47, 10, 29, 53, 36]
[116, 38, 39, 38, 10]
[38, 36, 39, 86, 10, 40, 55, 53, 91, 115, 97, 10]
[38, 115, 29, 86, 10, 40, 59, 110, 39, 53, 91, 21]
[39, 55, 53, 38, 91, 29, 110, 97, 10, 115, 21, 117, 29, 26]
[39, 96, 38, 91, 10, 93, 116, 47, 10, 21, 53, 36, 97, 115, 10, 53, 91]
[59, 110, 36, 53, 86, 10, 40, 97]
[86, 97, 105, 96, 38, 53, 10, 29, 115, 55, 97, 21, 110, 53, 55, 53, 91, 21, 29]
[116, 29, 53, 38, 86, 10, 55, 97, 41, 53]
[91, 21, 105, 38, 53, 55, 97, 53, 10, 53, 96, 97, 10]
[91, 38, 29, 70, 86, 10, 116, 97, 36, 53, 29]
[36, 39, 97, 38, 70, 86, 57, 10, 111, 55, 41, 53, 96, 91, 116, 29, 90, 53]
[71, 55, 97, 21, 55, 97, 10]
[70, 10, 59, 110, 97, 117, 53, 96, 105, 96, 91, 29, 115, 55, 38, 90, 53, 117, 29, 96, 117, 39, 38, 10, 110, 53, 57, 10, 90, 97, 8]
[86, 53, 36, 97, 38, 10, 59, 53, 97, 115, 21]
[36, 53, 10, 39, 53, 86, 10, 40, 111, 38, 91, 10, 57, 29, 53, 10, 115, 21]
[10, 36, 111, 53, 39]
[91, 86, 10, 40, 117, 59, 110, 53, 21, 116, 29, 57, 53, 39, 10, 8]
[29, 91, 86, 97, 40, 10, 26, 115, 59, 91, 29]
[86, 10, 40, 53, 21, 59, 110, 53, 91, 116, 29]
[91, 70, 86, 10, 40, 116, 96, 117, 59, 110, 53, 30]
[39, 97, 55, 53, 110, 116, 96, 83, 39, 38, 21, 47, 10, 29, 21]
[86, 10, 36, 97, 38, 111, 10, 53, 21, 26, 115, 29]
[91, 29, 86, 10, 40, 26, 53, 38, 97, 115, 21]
[110, 111, 53, 91, 29, 55, 10, 30]
[70, 38, 36, 39, 97, 53, 47, 10, 53, 97, 96, 10, 21, 91, 116, 29]
[96, 38, 29, 70, 86, 93, 10, 21, 41, 53]
[70, 53, 97, 96, 117, 91, 111, 38, 55, 105, 96, 53, 10, 21, 29]
[70, 53, 38, 10, 105, 96, 36, 53, 97, 53]
[10, 102, 53, 91, 90, 38, 10, 97, 116, 29]
[115, 36, 53, 38, 91, 10, 29, 21, 10, 26]
[10, 110, 91, 29, 38, 90, 53, 97, 96, 111, 10, 39, 97, 55, 53, 115, 21, 26]
[38, 29, 86, 10, 59, 110, 97, 115, 36, 53, 29, 10]
[97, 53, 111, 36, 41, 97, 41, 71, 53, 10, 77, 39, 53, 26, 57, 47, 41, 39]
[97, 111, 46, 41, 102, 53, 40, 71, 46, 61, 10, 97]
[71, 55, 111, 36, 39, 53, 41, 77, 10, 53, 47, 10, 39, 41, 46]
[111, 53, 55, 41, 111, 36, 39, 41, 53, 55, 71, 41, 57, 47, 10, 21, 40, 26, 59, 53, 1, 47, 10, 21]
[111, 55, 53, 71, 61, 97, 41, 53, 46, 10, 23, 102, 24, 40]
[71, 41, 111, 46, 10, 53, 21, 41, 102, 29, 40, 23, 24]
[71, 10, 111, 36, 39, 41, 53, 55, 57, 47, 10, 21, 41, 26, 97, 10, 97]
[111, 39, 46, 10, 41, 102, 53, 40, 71, 46, 61, 10, 97]
[71, 97, 10, 111, 36, 39, 41, 53, 55, 97, 41, 57, 47, 65, 61, 41, 10, 21, 40, 26, 53, 55, 10]
[53, 71, 111, 46, 10, 53, 21, 41, 102, 29, 26, 23, 24, 40]
[71, 111, 55, 53, 41, 102, 53, 40, 10, 21, 29]
[111, 71, 39, 53, 21, 97, 41, 47, 10, 102, 53, 40, 23, 26, 59]
[97, 53, 111, 36, 41, 97, 41, 57, 47, 10, 53, 71, 97, 10, 26, 1, 10]
[71, 111, 36, 39, 41, 53, 26, 23, 47, 10, 21, 97, 10, 97, 10, 41, 53]
[97, 53, 111, 36, 97, 41, 26, 1, 10, 97, 53, 47, 10, 41, 57, 47, 10, 21, 102, 53, 40, 71, 97, 10, 41, 26, 59, 53, 47, 10, 29]
[71, 97, 10, 111, 36, 39, 41, 53, 55, 97, 57, 47, 65, 61, 41, 57, 47, 10, 21, 53, 26, 36, 39, 41, 53, 10]
[111, 77, 53, 111, 36, 39, 41, 53, 55, 41, 10, 57, 29, 47, 41, 53, 71, 61, 41, 53, 10, 39, 26]
[111, 71, 39, 53, 41, 57, 47, 10, 21, 102, 53, 40]
[111, 41, 53, 36, 39, 41, 71, 39, 26, 53, 21, 47, 10, 29, 46, 10]
[71, 97, 10, 111, 36, 53, 10, 77, 39, 36, 41, 57, 65, 97, 53, 47, 10, 21, 102, 70, 111, 97, 26, 1, 10]
[36, 53, 53, 111, 39, 36, 46, 55, 53, 71, 10, 47, 41, 111, 55, 53, 71, 61, 97, 10, 47, 41, 111, 53, 65, 47, 10, 111, 53, 10, 26, 36, 111, 41, 1, 46]
[111, 41, 53, 71, 61, 97, 10, 102, 53, 40, 46, 26, 23, 24, 40]
[111, 71, 39, 41, 111, 36, 39, 53, 65, 39, 41, 57, 47, 10, 21, 53, 26]
[53, 57, 29, 97, 10, 26]
