[2]
[111, 29, 10, 31, 36]
[36, 39, 53, 10, 57, 53, 38, 10]
[31, 36, 39, 53, 10, 97, 53]
[36, 53, 39, 10, 53, 96]
[111, 57, 97, 53, 29, 10, 36]
[36, 105, 39, 53, 97, 116, 38, 61, 97, 10]
[86, 10, 36, 97, 38, 111, 10, 53, 21, 26, 115, 29]
[70, 38, 36, 39, 97, 53, 47, 10, 53, 97, 96, 10, 21, 91, 116, 29]
[70, 53, 97, 96, 117, 91, 111, 38, 55, 105, 96, 53, 10, 21, 29]
[38, 29, 86, 10, 59, 110, 97, 115, 36, 53, 29, 10]
[71, 55, 111, 36, 39, 53, 41, 77, 10, 53, 47, 10, 39, 41, 46]
[111, 53, 36, 39, 41, 53, 41, 47, 10, 29]
[111, 71, 39, 53, 41, 57, 47, 10, 21, 102, 53, 40]
[97, 53, 111, 36, 97, 41, 26, 1, 10, 97, 53, 47, 10, 41, 57, 47, 10, 21, 102, 53, 40, 71, 97, 10, 41, 26, 59, 53, 47, 10, 29]
[111, 77, 53, 111, 36, 39, 41, 53, 55, 41, 10, 57, 29, 47, 41, 53, 71, 61, 41, 53, 10, 39, 26]
[111, 36, 39, 53, 55, 97, 41, 36, 53, 55, 97, 71, 41, 57, 47, 10, 21, 26, 53, 1, 10]
[36, 53, 53, 111, 39, 36, 46, 55, 53, 71, 10, 47, 41, 111, 55, 53, 71, 61, 97, 10, 47, 41, 111, 53, 65, 47, 10, 111, 53, 10, 26, 36, 111, 41, 1, 46]
[39, 41, 53, 57, 10, 57]
