[33, 111, 10, 29, 116, 29]
[116, 10, 38, 53, 29, 112, 96, 110, 53, 30]
[112, 97, 59, 110, 53, 38, 29, 10]
[38, 10, 59, 97, 110, 53]
[116, 10, 38, 53, 29, 21, 47, 10, 29]
[53, 39, 53, 116, 10, 38]
[21, 59, 53, 116, 10, 38]
[39, 59, 53, 57, 10, 21, 110, 105, 105, 29, 105, 53, 29]
[59, 110, 39, 38, 53, 10, 29]
[9, 111, 38, 10, 29]
[111, 116, 29]
[2, 91, 46]
[59, 10, 29, 115, 53, 96, 110, 105, 96, 105, 97, 96, 39, 38, 10, 117, 53, 97]
[111, 38, 91, 10, 38, 29, 70, 86, 21, 10, 29, 53, 97, 96, 47, 10, 29, 53, 41, 57, 47, 10, 21, 29, 110, 53, 116, 10, 105, 29, 71, 53, 10, 96]
[91, 86, 10, 40, 38, 93, 75, 97, 21, 53, 39, 53, 10]
[53, 97, 96, 111, 36, 55, 97, 10, 30]
[71, 111, 53, 65, 97, 10, 47, 41, 21, 97, 10, 8]
[38, 93, 36, 39, 53, 10, 38, 116, 29, 10, 53]
[36, 111, 10, 29]
[53, 97, 96, 36, 10, 39, 53, 9, 10, 53]
[36, 111, 71, 97, 47, 53, 10, 30]
[53, 111, 29, 10]
[31, 111, 83, 29, 36, 10, 53]
[36, 53, 39, 10, 53, 47, 10]
[36, 111, 57, 29, 97, 10, 77, 10, 29, 105, 53]
[31, 36, 39, 53, 10, 97, 53]
[111, 57, 97, 53, 29, 10, 36]
[36, 105, 39, 53, 97, 116, 38, 61, 97, 10]
[97, 53, 47, 10, 29, 53, 36]
[39, 55, 53, 38, 91, 29, 110, 97, 10, 115, 21, 117, 29, 26]
[39, 97, 55, 53, 110, 116, 96, 83, 39, 38, 21, 47, 10, 29, 21]
[70, 38, 36, 39, 97, 53, 47, 10, 53, 97, 96, 10, 21, 91, 116, 29]
[71, 55, 111, 36, 39, 53, 41, 77, 10, 53, 47, 10, 39, 41, 46]
[111, 53, 36, 39, 41, 53, 41, 47, 10, 29]
[71, 97, 10, 111, 36, 39, 41, 53, 55, 97, 57, 47, 65, 61, 41, 57, 47, 10, 21, 53, 26, 36, 39, 41, 53, 10]
[111, 36, 39, 53, 55, 97, 41, 36, 53, 55, 97, 71, 41, 57, 47, 10, 21, 26, 53, 1, 10]
[36, 53, 53, 111, 39, 36, 46, 55, 53, 71, 10, 47, 41, 111, 55, 53, 71, 61, 97, 10, 47, 41, 111, 53, 65, 47, 10, 111, 53, 10, 26, 36, 111, 41, 1, 46]
[111, 41, 53, 71, 61, 97, 10, 102, 53, 40, 46, 26, 23, 24, 40]
[39, 41, 53, 57, 57, 10]
[53, 57, 29, 97, 10, 26]
