[57, 39, 38, 10, 97, 53, 10]
[111, 122, 10]
[53, 10, 21, 59, 53, 38, 29, 10, 115, 105, 96, 53, 110, 53]
[10, 59, 39, 38, 53, 21, 29, 110, 21, 47, 10, 29]
[47, 39, 38, 53, 21, 105, 96, 105, 53, 39, 10, 53]
[38, 59, 110, 39, 53, 75, 10, 97, 53]
[116, 10, 38, 53, 29, 112, 96, 110, 53, 30]
[112, 97, 59, 110, 53, 38, 29, 10]
[116, 10, 38, 53, 21, 29, 105, 53]
[38, 10, 59, 97, 110, 53]
[116, 10, 38, 53, 29, 21, 47, 10, 29]
[21, 59, 53, 116, 10, 38]
[39, 59, 53, 57, 10, 21, 110, 105, 105, 29, 105, 53, 29]
[29, 111, 24]
[39, 26, 53, 116, 29]
[9, 111, 38, 10, 29]
[111, 116, 29]
[2, 91, 46]
[59, 10, 29, 115, 53, 96, 110, 105, 96, 105, 97, 96, 39, 38, 10, 117, 53, 97]
[111, 38, 91, 10, 38, 29, 70, 86, 21, 10, 29, 53, 97, 96, 47, 10, 29, 53, 41, 57, 47, 10, 21, 29, 110, 53, 116, 10, 105, 29, 71, 53, 10, 96]
[31, 36, 39, 53, 10, 96]
[31, 36, 39, 71, 55, 53, 65, 47, 10, 53, 29]
[39, 38, 21, 47, 36, 53, 55, 97, 116, 38]
[50, 36, 39, 53, 97, 10]
[71, 111, 116, 29, 10, 53]
[53, 36, 97, 39, 97, 53, 47, 53, 10]
[31, 36, 29, 71, 53, 10]
[53, 36, 97, 111, 10]
[111, 71, 10, 97, 36, 53, 29, 10]
[36, 39, 53, 47, 10, 53, 29]
[97, 53, 47, 10, 111, 36, 97]
[36, 97, 39, 53, 47, 10, 29]
[38, 93, 36, 39, 53, 10, 38, 116, 29, 10, 53]
[111, 29, 10, 31, 36]
[36, 39, 53, 10, 57, 53, 38, 10]
[53, 97, 96, 36, 10, 39, 53, 9, 10, 53]
[36, 111, 71, 97, 47, 53, 10, 30]
[53, 111, 29, 10]
[31, 111, 83, 29, 36, 10, 53]
[36, 111, 53, 39, 10, 53, 96]
[36, 53, 39, 10, 53, 47, 10]
[36, 111, 57, 29, 97, 10, 77, 10, 29, 105, 53]
[31, 36, 39, 53, 10, 97, 53]
[111, 57, 97, 53, 29, 10, 36]
[36, 105, 39, 53, 97, 116, 38, 61, 97, 10]
[97, 53, 47, 10, 29, 53, 36]
[39, 96, 38, 91, 10, 93, 116, 47, 10, 21, 53, 36, 97, 115, 10, 53, 91]
[86, 10, 40, 53, 21, 59, 110, 53, 91, 116, 29]
[91, 29, 86, 10, 40, 26, 53, 38, 97, 115, 21]
[70, 38, 36, 39, 97, 53, 47, 10, 53, 97, 96, 10, 21, 91, 116, 29]
[91, 70, 86, 10, 40, 96, 59, 110, 53, 30]
[70, 53, 97, 96, 117, 91, 111, 38, 55, 105, 96, 53, 10, 21, 29]
[10, 102, 53, 91, 90, 38, 10, 97, 116, 29]
[38, 29, 86, 10, 59, 110, 97, 115, 36, 53, 29, 10]
[97, 53, 111, 36, 41, 97, 41, 71, 53, 10, 77, 39, 53, 26, 57, 47, 41, 39]
[71, 55, 111, 36, 39, 53, 41, 77, 10, 53, 47, 10, 39, 41, 46]
[111, 53, 55, 41, 111, 36, 39, 41, 53, 55, 71, 41, 57, 47, 10, 21, 40, 26, 59, 53, 1, 47, 10, 21]
[71, 41, 111, 46, 10, 53, 21, 41, 102, 29, 40, 23, 24]
[71, 10, 111, 36, 39, 41, 53, 55, 57, 47, 10, 21, 41, 26, 97, 10, 97]
[71, 97, 10, 111, 36, 39, 41, 53, 55, 97, 57, 47, 65, 61, 41, 57, 47, 10, 21, 53, 26, 36, 39, 41, 53, 10]
[71, 97, 10, 111, 36, 53, 10, 77, 39, 36, 41, 57, 65, 97, 53, 47, 10, 21, 102, 70, 111, 97, 26, 1, 10]
[111, 36, 39, 53, 55, 97, 41, 36, 53, 55, 97, 71, 41, 57, 47, 10, 21, 26, 53, 1, 10]
[36, 53, 53, 111, 39, 36, 46, 55, 53, 71, 10, 47, 41, 111, 55, 53, 71, 61, 97, 10, 47, 41, 111, 53, 65, 47, 10, 111, 53, 10, 26, 36, 111, 41, 1, 46]
[39, 41, 53, 57, 10, 57]
