[116, 10, 38, 53, 29, 112, 96, 110, 53, 30]
[112, 97, 59, 110, 53, 38, 29, 10]
[111, 116, 29]
[2]
[29, 115, 55, 38, 117, 39, 10, 83, 53, 97, 59, 110, 53, 93, 116, 10, 38, 57, 105, 39, 53, 97, 10]
[111, 38, 91, 10, 38, 29, 70, 86, 21, 10, 29, 53, 97, 96, 47, 10, 29, 53, 41, 57, 47, 10, 21, 29, 110, 53, 116, 10, 105, 29, 71, 53, 10, 96]
[91, 86, 10, 40, 38, 93, 75, 97, 21, 53, 39, 53, 10]
[97, 59, 86, 53, 97, 96, 10, 110, 38, 53, 97]
[38, 91, 57, 86, 10, 40, 70, 21, 47, 29, 55, 116, 10, 38, 33, 97, 53]
[31, 111, 36, 53, 29, 10]
[53, 97, 96, 111, 36, 55, 97, 10, 30]
[71, 111, 53, 65, 97, 10, 47, 41, 21, 97, 10, 8]
[111, 29, 10, 31, 36]
[36, 39, 53, 10, 57, 53, 38, 10]
[53, 111, 29, 10]
[31, 111, 83, 29, 36, 10, 53]
[31, 36, 39, 53, 10, 97, 53]
[111, 57, 97, 53, 29, 10, 36]
[36, 105, 39, 53, 97, 116, 38, 61, 97, 10]
[70, 10, 59, 110, 97, 117, 53, 96, 105, 96, 91, 29, 115, 55, 38, 90, 53, 117, 29, 96, 117, 39, 38, 10, 110, 53, 57, 10, 90, 97, 8]
[39, 97, 55, 53, 110, 116, 96, 83, 39, 38, 21, 47, 10, 29, 21]
[86, 10, 36, 97, 38, 111, 10, 53, 21, 26, 115, 29]
[70, 38, 36, 39, 97, 53, 47, 10, 53, 97, 96, 10, 21, 91, 116, 29]
[71, 55, 111, 36, 39, 53, 41, 77, 10, 53, 47, 10, 39, 41, 46]
[111, 53, 36, 39, 41, 53, 41, 47, 10, 29]
[97, 53, 111, 36, 97, 41, 26, 1, 10, 97, 53, 47, 10, 41, 57, 47, 10, 21, 102, 53, 40, 71, 97, 10, 41, 26, 59, 53, 47, 10, 29]
[71, 97, 10, 111, 36, 39, 41, 53, 55, 97, 57, 47, 65, 61, 41, 57, 47, 10, 21, 53, 26, 36, 39, 41, 53, 10]
[111, 41, 53, 36, 39, 41, 71, 39, 26, 53, 21, 47, 10, 29, 46, 10]
[111, 36, 39, 53, 55, 97, 41, 36, 53, 55, 97, 71, 41, 57, 47, 10, 21, 26, 53, 1, 10]
[36, 53, 53, 111, 39, 36, 46, 55, 53, 71, 10, 47, 41, 111, 55, 53, 71, 61, 97, 10, 47, 41, 111, 53, 65, 47, 10, 111, 53, 10, 26, 36, 111, 41, 1, 46]
[39, 41, 53, 57, 10, 57]
