[2]
[53, 111, 29, 10]
[31, 111, 83, 29, 36, 10, 53]
[36, 53, 10, 39, 53, 86, 10, 40, 111, 38, 91, 10, 57, 29, 53, 10, 115, 21]
[70, 38, 36, 39, 97, 53, 47, 10, 53, 97, 96, 10, 21, 91, 116, 29]
[70, 53, 97, 96, 117, 91, 111, 38, 55, 105, 96, 53, 10, 21, 29]
[38, 29, 86, 10, 59, 110, 97, 115, 36, 53, 29, 10]
[71, 55, 111, 36, 39, 53, 41, 77, 10, 53, 47, 10, 39, 41, 46]
[97, 53, 111, 36, 97, 41, 26, 1, 10, 97, 53, 47, 10, 41, 57, 47, 10, 21, 102, 53, 40, 71, 97, 10, 41, 26, 59, 53, 47, 10, 29]
[111, 77, 53, 111, 36, 39, 41, 53, 55, 41, 10, 57, 29, 47, 41, 53, 71, 61, 41, 53, 10, 39, 26]
[71, 97, 10, 111, 36, 53, 10, 77, 39, 36, 41, 57, 65, 97, 53, 47, 10, 21, 102, 70, 111, 97, 26, 1, 10]
[97, 53, 47, 71, 111, 10, 53, 21, 41, 102, 29, 40]
[111, 36, 39, 53, 55, 97, 41, 36, 53, 55, 97, 71, 41, 57, 47, 10, 21, 26, 53, 1, 10]
[36, 53, 53, 111, 39, 36, 46, 55, 53, 71, 10, 47, 41, 111, 55, 53, 71, 61, 97, 10, 47, 41, 111, 53, 65, 47, 10, 111, 53, 10, 26, 36, 111, 41, 1, 46]
[111, 41, 53, 71, 61, 97, 10, 102, 53, 40, 46, 26, 23, 24, 40]
[39, 53, 10]
[57, 39, 53, 10]
