[116, 10, 38, 53, 29, 112, 96, 110, 53, 30]
[112, 97, 59, 110, 53, 38, 29, 10]
[9, 111, 38, 10, 29]
[111, 116, 29]
[2, 91, 46]
[59, 10, 29, 115, 53, 96, 110, 105, 96, 105, 97, 96, 39, 38, 10, 117, 53, 97]
[91, 86, 10, 40, 38, 93, 75, 97, 21, 53, 39, 53, 10]
[97, 53, 47, 10, 111, 36, 97]
[36, 39, 53, 47, 29, 10]
[38, 93, 36, 39, 53, 10, 38, 116, 29, 10, 53]
[36, 111, 10, 29]
[53, 97, 96, 36, 10, 39, 53, 9, 10, 53]
[36, 111, 71, 97, 47, 53, 10, 30]
[53, 111, 29, 10]
[31, 111, 83, 29, 36, 10, 53]
[36, 111, 53, 39, 10, 53, 96]
[36, 53, 39, 10, 53, 47, 10]
[36, 111, 57, 29, 97, 10, 77, 10, 29, 105, 53]
[31, 36, 39, 53, 10, 97, 53]
[111, 57, 97, 53, 29, 10, 36]
[36, 105, 39, 53, 97, 116, 38, 61, 97, 10]
[97, 53, 47, 10, 29, 53, 36]
[70, 10, 59, 110, 97, 117, 53, 96, 105, 96, 91, 29, 115, 55, 38, 90, 53, 117, 29, 96, 117, 39, 38, 10, 110, 53, 57, 10, 90, 97, 8]
[39, 97, 55, 53, 110, 116, 96, 83, 39, 38, 21, 47, 10, 29, 21]
[86, 10, 36, 97, 38, 111, 10, 53, 21, 26, 115, 29]
[70, 38, 36, 39, 97, 53, 47, 10, 53, 97, 96, 10, 21, 91, 116, 29]
[70, 53, 97, 96, 117, 91, 111, 38, 55, 105, 96, 53, 10, 21, 29]
[38, 29, 86, 10, 59, 110, 97, 115, 36, 53, 29, 10]
[71, 55, 111, 36, 39, 53, 41, 77, 10, 53, 47, 10, 39, 41, 46]
[111, 53, 36, 39, 41, 53, 41, 47, 10, 29]
[97, 53, 111, 36, 97, 41, 26, 1, 10, 97, 53, 47, 10, 41, 57, 47, 10, 21, 102, 53, 40, 71, 97, 10, 41, 26, 59, 53, 47, 10, 29]
[71, 97, 10, 111, 36, 39, 41, 53, 55, 97, 57, 47, 65, 61, 41, 57, 47, 10, 21, 53, 26, 36, 39, 41, 53, 10]
[111, 77, 53, 111, 36, 39, 41, 53, 55, 41, 10, 57, 29, 47, 41, 53, 71, 61, 41, 53, 10, 39, 26]
[111, 41, 53, 36, 39, 41, 71, 39, 26, 53, 21, 47, 10, 29, 46, 10]
[111, 36, 39, 53, 55, 97, 41, 36, 53, 55, 97, 71, 41, 57, 47, 10, 21, 26, 53, 1, 10]
[111, 41, 53, 71, 61, 97, 10, 102, 53, 40, 46, 26, 23, 24, 40]
[39, 41, 53, 57, 10, 57]
