[116, 10, 38, 53, 29, 112, 96, 110, 53, 30]
[112, 97, 59, 110, 53, 38, 29, 10]
[111, 116, 29]
[2]
[59, 10, 29, 115, 53, 96, 110, 105, 96, 105, 97, 96, 39, 38, 10, 117, 53, 97]
[53, 97, 96, 111, 36, 55, 97, 10, 30]
[71, 111, 53, 65, 97, 10, 47, 41, 21, 97, 10, 8]
[111, 29, 10, 31, 36]
[36, 39, 53, 10, 57, 53, 38, 10]
[53, 111, 29, 10]
[31, 111, 83, 29, 36, 10, 53]
[31, 36, 39, 53, 10, 97, 53]
[111, 57, 97, 53, 29, 10, 36]
[36, 105, 39, 53, 97, 116, 38, 61, 97, 10]
[39, 55, 53, 38, 91, 29, 110, 97, 10, 115, 21, 117, 29, 26]
[39, 96, 38, 91, 10, 93, 116, 47, 10, 21, 53, 36, 97, 115, 10, 53, 91]
[36, 39, 97, 38, 70, 86, 57, 10, 111, 55, 41, 53, 96, 91, 116, 29, 90, 53]
[39, 97, 55, 53, 110, 116, 96, 83, 39, 38, 21, 47, 10, 29, 21]
[70, 38, 36, 39, 97, 53, 47, 10, 53, 97, 96, 10, 21, 91, 116, 29]
[70, 53, 97, 96, 117, 91, 111, 38, 55, 105, 96, 53, 10, 21, 29]
[38, 29, 86, 10, 59, 110, 97, 115, 36, 53, 29, 10]
[71, 55, 111, 36, 39, 53, 41, 77, 10, 53, 47, 10, 39, 41, 46]
[111, 53, 36, 39, 41, 53, 41, 47, 10, 29]
[97, 53, 111, 36, 97, 41, 26, 1, 10, 97, 53, 47, 10, 41, 57, 47, 10, 21, 102, 53, 40, 71, 97, 10, 41, 26, 59, 53, 47, 10, 29]
[71, 97, 10, 111, 36, 39, 41, 53, 55, 97, 57, 47, 65, 61, 41, 57, 47, 10, 21, 53, 26, 36, 39, 41, 53, 10]
[111, 77, 53, 111, 36, 39, 41, 53, 55, 41, 10, 57, 29, 47, 41, 53, 71, 61, 41, 53, 10, 39, 26]
[97, 53, 47, 71, 111, 10, 53, 21, 41, 102, 29, 40]
[111, 41, 53, 36, 39, 41, 71, 39, 26, 53, 21, 47, 10, 29, 46, 10]
[111, 36, 39, 53, 55, 97, 41, 36, 53, 55, 97, 71, 41, 57, 47, 10, 21, 26, 53, 1, 10]
[39, 41, 53, 57, 57, 10]
[53, 57, 29, 97, 10, 26]
[57, 39, 53, 10]
