[33, 111, 10, 29, 116, 29]
[111, 10]
[2]
[53, 111, 29, 10]
[31, 111, 83, 29, 36, 10, 53]
[70, 38, 36, 39, 97, 53, 47, 10, 53, 97, 96, 10, 21, 91, 116, 29]
[38, 29, 86, 10, 59, 110, 97, 115, 36, 53, 29, 10]
[71, 55, 111, 36, 39, 53, 41, 77, 10, 53, 47, 10, 39, 41, 46]
[97, 53, 111, 36, 97, 41, 26, 1, 10, 97, 53, 47, 10, 41, 57, 47, 10, 21, 102, 53, 40, 71, 97, 10, 41, 26, 59, 53, 47, 10, 29]
[71, 97, 10, 111, 36, 39, 41, 53, 55, 97, 57, 47, 65, 61, 41, 57, 47, 10, 21, 53, 26, 36, 39, 41, 53, 10]
[111, 77, 53, 111, 36, 39, 41, 53, 55, 41, 10, 57, 29, 47, 41, 53, 71, 61, 41, 53, 10, 39, 26]
[111, 36, 39, 53, 55, 97, 41, 36, 53, 55, 97, 71, 41, 57, 47, 10, 21, 26, 53, 1, 10]
[111, 41, 53, 71, 61, 97, 10, 102, 53, 40, 46, 26, 23, 24, 40]
[39, 53, 10]
[57, 39, 53, 10]
