[111, 122, 10]
[111, 53, 57, 29, 10, 53]
[59, 53, 10, 39, 38, 21, 97, 21, 47, 10, 30]
[53, 10, 21, 29, 105, 53]
[59, 53, 21, 29, 57, 10, 110, 53, 117, 29]
[59, 110, 53, 10, 21, 29, 38]
[29, 111, 24]
[97, 26, 53, 116, 29]
[9, 111, 38, 29, 55]
[111, 116, 29]
[2, 91, 46]
[91, 86, 97, 70, 96, 29, 38, 111, 53, 47, 41, 71, 10, 21, 97, 112, 110, 53, 116, 97, 10]
[91, 86, 10, 40, 47, 38, 93, 97, 53, 21, 75, 39, 53, 10]
[83, 38, 97, 55, 59, 53, 116, 10, 38, 97]
[70, 91, 86, 116, 29, 10, 38, 21, 33, 47, 10, 29, 40, 55, 97, 53]
[31, 111, 36, 53, 29, 10]
[31, 36, 39, 53, 96, 10]
[39, 36, 71, 55, 53, 65, 47, 10, 53, 29]
[111, 47, 36, 10, 29, 53, 30]
[50, 39, 10, 53, 36, 29]
[57, 29, 53, 10, 39, 97, 53, 36, 47, 10, 53]
[36, 39, 97, 53, 47, 10]
[36, 39, 47, 53, 29, 10]
[111, 47, 36, 29, 10, 21]
[38, 93, 36, 39, 53, 10, 38, 116, 29, 10, 53]
[39, 36, 53, 10, 47, 29, 10]
[36, 39, 53, 10, 57, 53, 38, 10]
[111, 71, 39, 38, 116, 29, 47, 10, 53]
[53, 111, 29, 10]
[31, 111, 83, 29, 36, 10, 53]
[36, 53, 111, 29, 10, 96, 53]
[36, 111, 77, 10, 29, 105, 53]
[111, 31, 39, 8, 10, 29, 36, 53]
[36, 53, 86, 10, 111, 36, 97, 91, 57, 97, 10, 115, 21]
[97, 38, 70, 10, 59, 53, 117, 110, 96, 117, 39, 105, 91, 29, 115, 55, 38, 90, 53, 39, 110, 53, 96, 53, 57, 10, 90, 97, 96, 53]
[91, 70, 86, 10, 40, 59, 96, 117, 110, 53, 116, 29]
[53, 39, 55, 96, 38, 110, 97, 83, 53, 116, 10]
[70, 38, 10, 39, 97, 53, 91, 96, 47, 10, 29, 21, 53, 10]
[70, 91, 53, 96, 111, 38, 29, 55, 97, 117, 105, 29, 10, 96, 21, 53]
[111, 36, 53, 71, 97, 55, 41, 47, 77, 53, 39, 41, 46, 10, 53]
[36, 111, 1, 55, 53, 71, 47, 41, 111, 36, 53, 10, 39, 41, 53, 55, 10, 41, 57, 47, 61, 8, 10, 26, 53]
[53, 111, 39, 46, 41, 71, 53, 47, 10, 102, 53, 46, 40, 21, 29]
[36, 111, 53, 71, 10, 47, 41, 111, 53, 36, 41, 97, 41, 97, 10, 26]
[71, 111, 55, 53, 61, 97, 41, 23, 102, 24, 40, 10, 21, 29]
[71, 61, 111, 36, 53, 10, 39, 53, 36, 61, 1, 47, 57, 47, 65, 61, 21, 53, 41, 97, 10, 26, 53, 59, 53, 47, 10, 102, 29, 40]
[36, 111, 55, 53, 71, 97, 10, 41, 111, 57, 65, 61, 53, 47, 10, 36, 53, 10, 39, 53, 41, 26, 21, 47, 10, 53, 30]
[111, 36, 46, 55, 53, 71, 47, 41, 53, 65, 111, 41, 39, 10, 97, 10, 26, 41, 36, 10, 57, 29, 53, 21, 47, 10, 53, 21]
[36, 39, 53, 41, 53, 111, 39, 71, 10, 57, 47, 97, 10, 26]
[36, 111, 46, 55, 53, 71, 47, 10, 57, 26, 53, 65, 47, 111, 41, 97, 10, 53, 8, 26, 23, 40, 55]
[111, 97, 36, 10, 53, 97, 1, 47, 10, 41, 53, 26, 55, 71, 46, 29, 10, 26, 53]
