[111, 122, 10]
[111, 53, 10, 57, 29, 53, 10]
[111, 57, 29, 10, 53]
[10, 53, 21, 29, 105, 53]
[38, 59, 53, 10, 38, 110, 21, 29]
[10, 29, 59, 53, 38, 29]
[29, 111, 10, 29]
[2, 46, 23, 91]
[2, 91, 46]
[10, 53, 55, 83, 38, 110, 97, 116, 10, 93, 38, 10, 29]
[86, 10, 38, 40, 59, 110, 96, 53, 29]
[10, 83, 53, 59, 21, 110, 97, 10, 110, 53]
[29, 111, 53, 10, 31, 96, 36]
[111, 29, 10, 96, 36]
[111, 53, 38, 29, 36, 10]
[31, 111, 36, 53, 10, 29]
[31, 111, 39, 40, 10]
[111, 50, 53, 29, 36, 10]
[39, 36, 97, 53, 47, 10]
[111, 39, 36, 10, 53, 116, 29, 38, 93]
[39, 111, 36, 97, 10, 38, 10]
[31, 111, 83, 29, 36, 10, 53]
[29, 111, 53, 10, 96, 53]
[111, 31, 39, 8, 10, 29, 36, 53]
[70, 91, 86, 53, 38, 116, 29, 10, 36, 97, 53]
[111, 70, 86, 10, 96, 91, 40, 38, 90, 53, 10, 39, 97, 55, 53]
[70, 10, 59, 53, 117, 29, 53, 96, 38, 91, 90, 97, 117, 10, 110, 53, 90, 96, 53, 29, 38]
[91, 86, 10, 29, 40, 96]
[96, 110, 83, 38, 53, 39, 55, 10, 97, 97]
[86, 10, 36, 97, 38, 111, 10, 53, 21, 26, 115, 29]
[91, 86, 10, 29, 40, 26, 38, 97, 53, 115, 29, 21, 10]
[39, 10, 53, 96, 97, 91, 55, 53, 38, 10, 21, 29]
[86, 10, 91, 40, 59, 110, 96, 53, 29]
[96, 117, 91, 53, 96, 97, 111, 38, 29, 55, 10, 21, 29]
[97, 70, 53, 38, 10, 36, 105, 96, 53, 29]
[29, 91, 110, 10, 96, 90, 97, 38, 53, 26, 21, 10, 111, 29, 53]
[103, 97, 53, 36, 41, 97, 41, 10, 53, 71, 61, 77, 10, 29, 53, 26, 26, 57, 41]
[111, 53, 10, 46, 41, 36, 61, 53, 39, 71, 26, 29, 46, 10]
[97, 111, 36, 53, 10, 39, 53, 41, 53, 61, 77, 39, 10, 53, 41, 46]
[53, 111, 46, 41, 36, 53, 10, 97, 55, 53, 71, 61, 97, 10, 47, 41, 111, 53, 61, 10, 8, 53]
[53, 111, 39, 46, 41, 71, 53, 47, 10, 102, 53, 46, 40, 21, 29]
[111, 39, 46, 71, 36, 10, 53, 41, 29, 10, 53, 26, 21, 29]
[111, 53, 55, 111, 36, 97, 53, 10, 41, 53, 71, 97, 8, 47, 10, 26, 29]
[53, 111, 55, 97, 53, 36, 61, 1, 97, 10, 41, 39, 26, 71, 10, 5, 97, 21, 53, 47, 10, 36, 29]
[111, 97, 53, 46, 47, 10, 36, 97, 55, 53, 46, 10, 111, 41, 53, 97, 26, 71, 55, 57, 47, 65, 61]
[111, 53, 71, 41, 47, 10, 102, 29, 40]
[53, 111, 46, 10, 71, 61, 46, 46, 10, 26, 23, 102, 24, 40, 29, 46, 46]
[97, 111, 53, 36, 1, 41, 71, 39, 10, 53, 65, 47, 10, 111, 26, 53, 21, 29]
[53, 78, 10, 29]
[53, 10, 111, 55, 57, 29, 26]
