[111, 122, 10]
[55, 111, 10, 116, 29, 10, 53]
[10, 111, 97, 93, 10]
[59, 97, 110, 53, 75, 10, 97, 38, 53]
[39, 112, 110, 53, 116, 10, 38, 97, 96]
[59, 110, 53, 38, 10, 21, 29]
[116, 10, 38, 53, 21, 29, 105, 53]
[38, 10, 59, 53, 38, 110, 21, 97, 21, 47, 10, 30]
[116, 10, 38, 53, 29, 21, 47, 10, 8]
[21, 116, 10, 59, 53, 38]
[59, 117, 53, 21, 29, 57, 10, 110, 53]
[38, 29, 10, 59, 53, 112, 110, 110, 53, 30]
[111, 116, 29]
[2, 91, 46]
[75, 53, 86, 10, 40, 91, 38, 10, 115, 21, 59, 53]
[91, 86, 97, 70, 96, 29, 38, 111, 53, 47, 41, 71, 10, 21, 97, 112, 110, 53, 116, 97, 10]
[97, 53, 47, 57, 29, 53, 36, 116, 10, 39, 38, 21]
[111, 47, 29, 36, 53, 10]
[50, 36, 39, 53, 10, 30]
[71, 39, 97, 53, 116, 29, 10, 53]
[53, 36, 97, 39, 97, 53, 47, 10, 53]
[53, 36, 97, 111, 47, 78, 55, 47, 55, 97, 53, 10]
[111, 36, 97, 10, 97, 53]
[36, 111, 47, 53, 29, 10]
[38, 93, 36, 39, 53, 10, 38, 116, 29, 10, 53]
[39, 53, 47, 36, 39, 53, 10]
[31, 36, 111, 97, 10]
[36, 39, 53, 57, 10, 53, 38, 10]
[111, 29, 36, 10, 53, 96]
[36, 53, 71, 111, 57, 39, 47, 29, 10]
[53, 111, 97, 10]
[31, 111, 83, 29, 36, 10, 53]
[36, 111, 53, 39, 10, 53, 96]
[97, 53, 47, 10, 39, 10, 53, 36]
[36, 55, 53, 39, 10, 53, 47]
[57, 47, 36, 39, 53, 105, 10, 59, 53, 38, 71]
[31, 36, 39, 10, 53, 116, 29, 10]
[36, 53, 111, 57, 29, 10]
[91, 29, 86, 10, 40, 39, 97, 55, 53, 38, 10, 115, 97, 10]
[38, 53, 10, 91, 39, 93, 96, 47, 116, 10, 21, 53, 36, 53, 97, 91]
[97, 38, 70, 10, 59, 53, 117, 110, 96, 117, 39, 105, 91, 29, 115, 55, 38, 90, 53, 39, 110, 53, 96, 53, 57, 10, 90, 97, 96, 53]
[70, 91, 53, 96, 111, 97, 117, 96, 105, 10, 38, 29, 10, 21, 53]
[39, 97, 53, 47, 91, 39, 115, 90, 38, 110, 29, 70, 86, 53, 96, 65, 47, 10, 26, 111, 53, 21, 117, 116, 29]
[39, 57, 26, 111, 36, 53, 39, 41, 53, 57, 47, 10, 26, 36, 53, 71, 97, 55, 41, 10, 26, 53]
[36, 71, 97, 41, 111, 53, 10, 21, 97, 57, 53, 65, 47, 41, 53, 61, 10, 26, 29, 10]
[36, 53, 71, 97, 55, 111, 53, 47, 10, 77, 36, 39, 41, 57, 21, 47, 8, 55, 97, 53, 10, 26, 97, 41, 10, 53]
[53, 111, 46, 10, 71, 61, 46, 46, 10, 26, 23, 102, 24, 40, 29, 46, 46]
[71, 97, 111, 36, 53, 65, 111, 41, 39, 10, 21, 39, 41, 53, 57, 47, 10, 26, 21]
[57, 29, 10, 53]
[39, 41, 53, 57, 47, 10]
