[63]
[36, 53]
[47, 53]
[39, 97, 53]
[39, 97, 53, 90, 97]
[116, 10, 38]
[59, 110, 36, 53, 86, 10, 40]
[31, 36, 39, 53]
[53, 71, 39]
[53, 21, 29]
[41, 53, 65, 57, 47, 10]
[39, 53, 10]
[39, 38, 21]
[71, 111, 46, 10]
[47, 71, 111, 10]
[71, 53, 10]
[13]
[22]
[39, 10, 53]
[31]
[40]
[49]
[53, 47, 71, 97]
[53, 29, 10]
[91, 29]
[10, 115, 21]
[10, 59, 39, 38, 53]
[10, 40]
[8]
[17]
[26]
[112, 110, 53]
[35]
[86, 53]
[97, 53]
[44]
[10, 117, 53]
[71, 10]
[65, 97]
[112, 97, 59, 110, 53]
[97, 71, 10]
[63, 116, 10]
[21, 59, 53]
[10, 26]
[36, 39, 41]
[105, 53]
[53, 21, 10, 29]
[3]
[12]
[111, 36, 97, 41, 26]
[21]
[30]
[10, 116, 29, 10, 53]
[97, 53, 47, 10]
[21, 97, 21]
[47, 29]
[36, 29]
[86, 10, 40]
[57, 10, 53]
[115, 29]
[115, 55, 53]
[71, 39, 55]
[117, 55, 97]
[63, 39, 41]
[10, 21]
[105, 39]
[10, 30]
[53, 65, 47]
[7]
[55, 10]
[71, 97, 10]
[16]
[77, 10, 53]
[53, 39, 10, 53]
[25]
[38, 70, 86, 57, 10]
[10, 21, 97]
[53, 116, 21, 117, 59, 110, 53]
[70, 38, 10]
[111, 36]
[10, 53, 39, 10]
[97, 10, 115, 21]
[110]
[29, 53, 10]
[71, 39, 41]
[119]
[70, 111, 97]
[23, 53]
[55, 41, 111, 36, 39, 41]
[77, 53, 10]
[2]
[11]
[112, 110, 53, 38]
[47, 10]
[10, 97, 10, 41, 53]
[70, 21]
[39, 59, 53, 10]
[21, 47, 10]
[96]
[105]
[38, 36, 39, 86, 10, 40]
[38, 116, 10]
[10, 38, 10]
[114]
[36, 39, 53, 41, 47, 10, 29]
[123]
[57, 47, 10, 53]
[116, 29]
[105, 39, 53, 97, 116, 38]
[111, 57, 29, 10]
[91]
[100]
[111, 53]
[109]
[118]
[59, 110]
[38, 86, 10]
[41, 111, 77, 36]
[90, 97]
[110, 105, 105, 29]
[71, 111]
[38, 10, 97, 53, 10]
[97, 1]
[97, 10]
[53, 71]
[53, 21, 41, 102, 29, 40]
[10, 97, 41]
[115, 105, 96, 53]
[21, 102, 53, 40]
[21, 41, 97]
[77]
[9, 10]
[86]
[26, 53]
[95]
[104]
[113]
[39, 10]
[115, 59, 59, 53, 97]
[10, 111, 36, 53, 10, 77, 39, 36, 41, 57, 65]
[116, 10, 97]
[71, 97]
[97, 41, 47, 10, 21, 102, 53, 40]
[39, 38, 53]
[21, 105]
[57, 29, 47, 41]
[38, 93, 53, 10, 38]
[71, 102, 29, 40]
[97, 21, 105]
[72]
[81]
[90]
[99]
[108]
[75, 53]
[39, 41]
[23, 24]
[47, 71, 111, 46]
[57, 86, 10, 40]
[58]
[39, 71, 53, 65, 47]
[53, 29, 21, 47, 10, 29]
[53, 97, 96]
[67]
[76]
[115, 105, 96, 53, 110, 53]
[85]
[94]
[55, 97]
[21, 47, 105, 29]
[36, 111]
[10, 38, 93]
[53, 29]
[65, 39, 41]
[53, 47]
[110, 38, 53]
[57, 47, 10, 21, 29]
[53]
[62]
[71]
[39, 53, 47, 10]
[80]
[89]
[71, 55]
[36, 97]
[97, 53, 10]
[10, 53]
[21, 59, 110, 53]
[39]
[48]
[57]
[57, 39]
[66]
[75]
[97, 10, 26]
[71, 41]
[105, 39, 10, 53]
[29, 53]
[39, 53, 47, 29, 10]
[70, 59, 47, 10, 53]
[53, 10]
[59, 110, 53]
[33, 97, 53]
[34]
[59, 110, 59, 39, 53]
[43]
[52]
[61]
[70, 53]
[59, 53]
[70]
[97, 59, 53]
[38, 29, 70, 86, 10]
[39, 38, 10]
[10, 77, 39, 53]
[105, 96, 53]
[21, 53]
[36, 53, 29]
[53, 10, 26]
[26, 1, 10]
[39, 97]
[38, 90, 53]
[20]
[53, 10, 53]
[29]
[117, 53]
[38]
[47]
[59, 39]
[53, 39, 53]
[56]
[41, 102, 53, 40]
[59, 75, 53]
[38, 21, 47]
[36, 39, 53, 86, 10, 40]
[90, 53]
[96, 105, 53]
[105, 29]
[116, 38]
[10, 29]
[10, 38]
[6]
[53, 10, 39]
[53, 21, 105, 105, 39, 10, 53]
[39, 38, 21, 47, 10]
[21, 10, 29]
[97, 116, 38]
[15]
[24]
[33]
[42]
[39, 55, 53]
[111, 71]
[59, 86, 53]
[41, 39]
[86, 10]
[1]
[10]
[53, 47, 29]
[70, 86, 10, 40]
[59, 105, 53, 29]
[19]
[38, 70, 86, 105, 53]
[29, 71, 53]
[28]
[37]
[115, 10, 53]
[71, 21]
[122]
[9, 55]
[38, 29, 70, 86, 93, 10]
[71, 39, 53]
[21, 29]
[55, 97, 53]
[116, 10]
[39, 55]
[111, 122, 10]
[5]
[117, 29]
[41, 21, 29]
[1, 47, 10]
[14]
[23]
[86, 41]
[55, 53]
[21, 97, 41]
[29, 10]
[71, 111, 46]
[117]
[71, 111, 55]
[41, 2]
[39, 53, 10, 21]
[53, 47, 10]
[0]
[9]
[18]
[70, 10]
[53, 97]
[55, 39]
[23, 47, 10, 21, 97]
[57, 47, 41, 39]
[71, 55, 111, 36]
[103]
[112]
[121]
[10, 55, 97]
[29, 59, 83, 53]
[115, 53]
[53, 29, 86, 10, 40]
[4]
[46, 23, 91]
[53, 39, 10]
[53, 78, 10]
[111, 24]
[47, 39]
[36, 39]
[98]
[41, 97, 41]
[71, 111, 36]
[107]
[116, 47, 10]
[117, 59, 110, 53]
[116]
[115, 21]
[115, 39]
[31, 36]
[36, 29, 53, 10]
[41, 47, 10, 29]
[115, 55, 39, 10]
[53, 65, 47, 10]
[111, 10]
[115, 97, 10]
[41, 102, 29, 40]
[65, 61]
[84]
[38, 53]
[93]
[102]
[77, 53]
[111]
[105, 53, 29]
[120]
[39, 26]
[47, 90, 97]
[39, 53]
[53, 55]
[10, 93]
[111, 71, 39]
[79]
[47, 71, 111, 10, 53, 21, 41, 102, 29, 40]
[88]
[77, 39]
[97]
[106]
[115, 36, 53, 29]
[115]
[21, 47, 10, 29]
[29, 47, 10, 53]
[53, 41]
[105, 97]
[116, 97]
[93, 116, 10, 38, 57, 105, 39]
[97, 86, 10, 40]
[10, 97]
[39, 38, 53, 29, 21, 47, 10, 29]
[57, 29]
[65]
[102, 53, 40]
[57, 47]
[112, 97, 59, 110, 53, 110]
[74]
[83]
[92]
[101]
[10, 21, 102, 53, 40]
[39, 10, 53, 47, 10]
[47, 71, 97, 10]
[116, 29, 53]
[41, 53]
[29, 115, 105, 96]
[23, 26]
[21, 41, 102, 29, 40]
[111, 36, 41, 97, 41]
[51]
[60]
[38, 29]
[69]
[78]
[97, 96]
[87]
[53, 55, 71, 41]
[71, 53]
[59, 97]
[110, 53]
[59, 110, 39, 53]
[97, 115, 105, 96]
[70, 38, 90, 53, 117, 96, 117]
[21, 97]
[111, 36, 39]
[57, 10]
[105, 96]
[46]
[105, 105]
[55]
[64]
[73]
[82]
[21, 53, 36, 38, 53]
[110, 111, 53]
[53, 75, 10]
[71, 102, 29]
[33, 39]
[39, 53, 47]
[39, 97, 53, 47, 10]
[102, 29, 40]
[32]
[41]
[97, 59, 110, 53]
[38, 10]
[97, 36, 53]
[50]
[59]
[77, 10]
[68]
[57, 47, 10, 21, 53]
[57, 47, 10]
[21, 97, 41, 47, 10, 102, 53, 40]
[111, 36, 39, 41, 53, 41]
[117, 116, 29]
[29, 55]
[61, 97, 10]
[83, 53]
[53, 21]
[10, 59]
[55, 97, 57, 47]
[53, 55, 41]
[86, 36]
[27]
[36]
[45]
[54]
