[0, 35, 22, 39, 66, 89, 92, 41, 53, 72, 82]
[70, 38, 3, 64, 7, 50, 82, 16, 67, 42, 43, 53, 123, 13, 103, 10, 24]
[3, 37, 92, 38, 93, 28, 101, 108, 36, 49, 110, 23, 121, 118, 61, 59, 66, 59, 12, 11, 1, 72, 96, 53, 122, 15, 29, 22, 82, 78, 21, 106, 90, 78, 103, 103, 10, 17]
[123, 46, 2, 67]
[52, 31, 91, 79, 89, 117, 7, 30, 111, 97, 92, 45, 101, 8, 116, 97, 63, 1, 2, 19, 13, 41, 120, 62, 35, 51, 2, 91, 53, 10, 30, 51]
[53, 25]
[72, 29, 103, 24, 6, 30, 103, 99, 18, 51, 98, 78, 115, 77, 97, 112, 7, 90, 72, 101, 86, 15, 76, 13, 25, 2, 5, 103, 37, 103, 30, 1, 110, 70, 71, 47, 111, 123, 28, 38, 10, 55, 30, 28]
[13]
[10, 36, 97, 106, 53, 30, 6, 94, 24, 100, 34, 23, 100, 45, 120, 56, 81, 92, 52, 6, 103, 103, 50, 111, 19, 91, 40]
[31]
[53, 57, 10, 67]
[89, 39, 105, 111, 55, 17]
[40]
[40, 25, 53, 79, 55, 92, 59, 89, 25, 65, 107, 107, 18, 94, 102, 82, 54, 76, 33, 115, 83, 35, 29, 20, 68, 49, 95, 18, 72, 95, 47, 76, 25, 111, 71, 97, 95, 56, 11, 85, 28, 10, 97, 46]
[107, 56, 2, 116, 6, 19, 36, 91, 46, 8]
[49]
[10, 101, 53, 120]
[111, 96]
[39, 53, 14]
[1, 98, 60, 44, 5, 111, 69, 83, 99, 63, 40, 36, 81, 43, 118, 38, 108, 91, 49, 92, 64, 121, 65, 46, 41, 49, 48, 7, 31, 30, 75, 105, 111, 116, 101, 59, 88, 49, 81, 7, 111, 122, 55, 80]
[41, 28]
[8]
[17]
[26]
[53, 55, 49]
[8, 17, 3, 34, 120, 91, 31, 20, 93, 116, 17, 62, 1, 4, 63, 117, 9, 104, 56, 57, 55, 83, 75, 62, 32, 60, 49, 29, 105, 53, 65, 15, 91, 86, 80, 61, 36, 67]
[7, 69, 10, 17, 4, 58, 61, 87, 39, 56, 50, 49, 3, 90, 10, 18, 107, 23, 120, 31, 55, 77, 89, 36, 111, 43, 48, 53, 63]
[111, 55, 80, 92, 39, 87]
[35]
[95, 79, 102, 45, 86, 25, 40, 112, 75, 19, 16, 97, 76, 9, 12, 75, 33, 71, 47, 123, 53, 28, 7, 93, 17, 11, 86, 67, 94, 25, 38, 3, 54, 32, 25, 16, 26, 0, 48, 104, 66, 32, 10, 54]
[44]
[111, 29, 96]
[111, 20, 39, 7, 10, 31]
[42, 51, 60, 76, 62, 64, 44, 104, 29, 110, 57, 25, 67, 95, 73, 23, 86, 115, 96, 72, 66, 90, 113, 14, 111, 58, 118, 68, 100, 97, 55, 53, 53, 118, 50, 39, 39, 10, 57]
[54, 14, 53, 10, 38]
[55, 30, 111, 67, 57, 1, 10, 23]
[9, 78, 112, 4, 50, 119, 114, 36, 43, 116, 106, 103, 10, 4, 46, 111, 16, 48, 108, 104, 83, 85, 55, 28, 113, 47, 104, 53, 0, 108, 35, 13, 48, 30, 29, 18, 11, 40, 113, 10, 45]
[46, 29, 67]
[61, 86, 68, 64, 73, 50, 21, 61, 80, 25, 51, 113, 37, 77, 29, 106, 88, 49, 121, 65, 93, 103, 33, 88, 19, 80, 116, 115, 105, 46, 39, 21, 58, 96, 13, 10, 51]
[103, 92, 59, 41, 55, 97, 61]
[39, 10, 38, 85, 69, 116, 97, 23, 64, 56, 71, 59, 112, 7, 110, 1, 38, 18, 8, 81, 86, 60, 35, 8, 24, 9, 6, 53, 23, 85, 9, 10, 54]
[79, 59, 39, 55, 89, 112, 85, 18, 10, 61, 57, 15, 91, 5, 86, 53, 117]
[21, 33, 123, 24, 102, 32, 110, 16, 107, 84, 74, 104, 111, 105, 23, 74, 19, 118, 43, 94, 120, 26, 43, 103, 54, 101, 116, 11, 38, 4, 48, 101, 97, 55, 1, 91, 63, 85, 116, 37, 10, 46]
[53, 48, 41, 81]
[110, 111, 10, 29, 64]
[90, 7, 24, 112, 92, 110, 24, 84, 106, 111, 86, 9, 15, 97, 100, 31, 10, 1, 34, 62, 19, 36, 75]
[95, 83, 51, 34, 73, 17, 97, 69, 16, 110, 60, 104, 103, 19, 119, 57, 87, 31, 94, 27, 89, 74, 36, 79, 115, 70, 51, 65, 4, 103, 21, 1, 10, 123, 26, 13]
[43, 59, 45, 41, 115, 30, 20, 30, 80, 0, 29, 100, 74, 35, 28, 97, 37, 102, 20, 61, 101, 53, 54, 71, 106, 33, 26, 46, 110, 110, 54, 10, 103, 35]
[12]
[21]
[111, 98, 19, 97, 0, 57, 100, 83, 51, 0, 52, 104, 90, 20, 1, 112, 100, 49, 38, 53, 41, 2, 104, 55, 30, 45, 63, 49, 52, 78, 14, 6, 14, 108, 74, 95, 48, 107, 25, 10, 90]
[30]
[69, 29, 40, 118, 57, 81, 98, 20, 68, 10, 88, 53, 101]
[103, 39, 118, 87, 96, 117, 73, 110, 26, 90, 92, 90, 87, 71, 38, 100, 102, 21, 25, 0, 10, 48]
[53, 100]
[93, 99, 67, 111, 36, 29, 49]
[61, 112, 82, 62, 85, 113, 26, 86, 40, 81, 93, 41, 30, 113, 72, 7, 24, 36, 116, 111, 82, 15, 74, 91, 47, 49, 24, 7, 100, 106, 4, 4, 20, 4, 46, 86, 39, 30, 69]
[2, 8]
[91, 6, 7, 17, 76, 116, 30, 30, 46, 97, 59, 83, 123, 99, 104, 16, 42, 33, 2, 85]
[7]
[51, 123, 14, 89, 71, 53, 89, 10, 4, 46, 103, 59, 31, 25, 108, 119, 31, 103, 79, 85, 82, 118, 63, 76, 13, 112, 84, 85, 110, 53, 90, 39, 37, 80, 63, 120, 71, 28, 29, 1, 73, 18, 38, 105]
[16]
[41, 121]
[25]
[46, 91, 5]
[110]
[102, 17, 82, 48, 14, 99, 96, 60, 7, 9, 9, 50, 13, 116, 38, 39, 10, 92, 16, 21, 38, 79, 40, 42, 112, 44, 21, 12, 62, 32, 21, 35, 119, 35, 88, 113, 79, 68, 55, 77]
[119]
[103, 15, 55, 115]
[39, 111, 53]
[58, 57, 95, 74, 88, 31, 105, 12, 118, 122, 60, 59, 43, 115, 37, 99, 59, 108, 96, 20, 29, 49, 53, 121, 99, 97, 77, 70, 89, 10, 67]
[37, 61, 33, 23, 36, 12, 56, 53, 69, 97, 0, 112, 64, 45, 91, 103, 88, 33, 78, 45, 123, 80, 47, 50, 2, 118, 57, 10, 21]
[91, 90]
[103, 64]
[2, 21]
[75, 16, 62, 118, 9, 51, 59, 84, 97, 44, 53, 115, 3, 122, 117, 73, 2, 70, 16, 95, 105, 29, 33, 38, 18, 5, 10, 24]
[2, 30]
[13, 89, 7, 29, 102, 62, 118, 55, 77, 112, 52, 11, 116, 78, 109, 45, 67, 0, 53, 86, 116, 110, 64, 2, 62, 7, 100, 95, 103, 99, 86, 33, 39, 105, 74, 11, 113, 10, 109]
[2]
[95, 31, 118, 38, 108, 57, 73, 21, 10, 53, 10]
[23, 42, 103, 26, 67, 23, 101, 39, 123, 102, 96, 99, 112, 40, 63, 45, 114, 42, 49, 78, 10, 93, 82, 101, 38, 53, 118]
[11]
[28, 70, 79, 46, 65, 86, 88, 59, 116, 39, 74, 57, 30, 32, 121, 34, 54, 120, 42, 76, 10, 53, 117, 106, 45, 39, 11, 94, 110, 22, 38, 6]
[70, 17, 20, 2, 38, 66, 5, 28, 40, 52, 36, 85, 57, 8, 91, 108, 56, 40, 32, 78, 13, 8, 102, 98, 25, 64, 85, 8, 82, 36, 10, 119]
[6, 34, 20, 30, 99, 69, 86, 118, 115, 79, 85, 96, 62, 107, 5, 60, 71, 38, 0, 14, 118, 113, 105, 99, 110, 6, 123, 95, 53, 99, 21, 56, 57, 121, 114, 68, 33, 10, 117, 19]
[90, 65, 24, 53, 47, 12, 72, 98, 21, 17, 54, 89, 93, 120, 113, 10, 32]
[63, 61, 19, 58, 55, 59, 21, 48, 72, 104, 58, 60, 114, 103, 41, 101, 30, 59, 72, 114, 30, 117, 66, 35, 72, 105, 43, 17, 116, 94, 21, 38, 96, 53, 91, 44, 101, 43, 87, 111, 70, 36, 92, 63, 29]
[2, 115]
[2, 46, 90]
[10, 39, 53, 10, 54]
[96]
[66, 3, 8, 14, 37, 62, 36, 66, 111, 106, 84, 115, 21, 72, 95, 30, 121, 51, 30, 86, 53, 104, 0, 82, 69, 89, 106, 29, 69, 66, 105, 53, 33, 54, 40, 20, 0, 107, 49, 2, 85, 32, 91, 83, 10]
[82, 105, 39, 61, 28, 57, 29, 63, 10, 105, 26]
[122, 123, 86, 123, 104, 29, 14, 71, 72, 60, 39, 76, 52, 99, 35, 122, 105, 44, 28, 105, 122, 123, 90, 5, 20, 15, 120, 51, 83, 24, 99, 91, 59, 113, 48, 77, 36, 60, 96, 53, 38, 115, 51, 49, 10]
[55, 47, 20, 114, 38, 113, 69, 92, 109, 8, 109, 77, 86, 59, 2, 32, 122, 31, 50, 53, 83, 109, 105, 2, 57, 100, 112, 97, 105, 55, 93]
[123]
[25, 2, 119, 41, 91, 46]
[52, 55, 59, 93, 68, 53, 103]
[103, 30, 73]
[68, 91, 6, 38, 62, 23, 90, 122, 85, 49, 39, 92, 102, 28, 2, 48, 79, 59, 4, 8, 106, 96, 103, 49, 39, 108, 0, 74, 38, 25, 13, 67, 13, 11, 74, 58, 52, 94, 93, 123, 53, 87, 55, 123]
[41, 44, 2, 91, 111]
[47, 7, 47, 39, 93, 86, 27, 19, 30, 95, 45, 117, 43, 29, 45, 111, 54, 117, 42, 91, 7, 42, 3, 42, 10, 8, 23, 29, 22]
[58, 21, 81, 27, 69, 43, 52, 98, 92, 31, 25, 29, 20, 111, 52, 45, 79, 55, 38, 39, 20, 81, 27, 57, 10, 18, 24, 75]
[115, 94, 115, 67, 74, 21, 94, 59, 104, 85, 8, 87, 15, 105, 34, 119, 43, 42, 101, 5, 40, 65, 36, 47, 53, 64, 88, 92, 74, 70, 109, 111, 10, 21, 108, 87, 24, 32, 29, 96, 121]
[56, 109, 79, 76, 104, 81, 25, 107, 16, 60, 25, 19, 1, 96, 37, 71, 72, 11, 29, 63, 55, 4, 2, 25, 48, 91, 12, 50, 76, 65, 86, 29, 10, 40, 3]
[42, 10, 111, 35, 36, 47, 85, 73, 6, 23, 56, 114, 58, 11, 22, 41, 92, 42, 96, 113, 115, 36, 104, 109, 13, 116, 53, 63, 91, 102, 10, 97, 116]
[2, 119]
[109, 94, 53, 60, 109, 86, 98, 71, 111, 56, 63, 39, 52, 115, 113, 96, 9, 10, 94]
[91]
[100]
[103, 97, 113]
[55, 91, 76, 100, 60, 85, 46, 39]
[122, 107, 83, 29, 75, 16, 109, 99, 110, 51, 66, 111, 114, 77, 18, 104, 48, 78, 117, 88, 72, 32, 5, 63, 53, 53, 69, 90, 58, 43, 65, 112, 65, 59, 63, 68, 53, 54, 10, 72]
[25, 83, 111, 118, 96, 31, 29, 44, 13, 99, 17, 13, 33, 101, 85, 48, 88, 19, 56, 9, 68, 110, 71, 112, 15, 72, 32, 64, 52, 53, 39, 88, 41, 10, 67]
[39, 107, 60, 92, 53, 46, 20]
[39, 10, 38, 76, 36, 73, 51, 33, 120, 87, 41, 12, 66, 16, 12, 3, 13, 50, 53, 47, 30, 6, 16, 58, 117, 48, 122, 64, 15, 58, 42, 78, 70, 115, 56, 80, 59, 4, 90, 118, 55, 83]
[26, 47, 97, 46, 111, 8]
[111, 26, 108, 8, 92, 53, 79, 97, 76, 5, 10, 57, 79, 26, 99]
[33, 95, 28, 9, 18, 19, 40, 6, 100, 35, 22, 43, 86, 110, 90, 18, 74, 97, 11, 91, 53, 111, 66, 19, 49, 69, 52, 72, 10, 55, 41, 20]
[86]
[32, 10, 111, 97, 54]
[95]
[15, 105, 103, 69, 117, 68, 40, 82, 55, 30, 42, 11, 48, 6, 46, 48, 86, 73, 84, 53, 83, 112, 68, 85, 36, 73, 97, 76, 120, 10, 97, 108, 36, 16, 18, 121, 79, 60, 111, 54, 66, 57, 33, 53, 46]
[104]
[29, 55, 32]
[43, 107, 115, 111, 11, 4, 0, 30, 103, 65, 16, 62, 71, 21, 53, 114, 86, 71, 49, 13, 114, 56, 11, 23, 22, 108, 52, 10, 109]
[30, 50]
[54, 111, 50, 109, 84, 89, 77, 78, 123, 30, 102, 32, 72, 82, 17, 13, 123, 38, 30, 98, 55, 117, 83, 91, 105, 10, 123, 96, 34, 29, 34]
[53, 41, 66]
[29, 103, 38, 65]
[64, 86, 31, 30, 69, 53, 10, 18, 79, 26, 76]
[14, 70, 54, 67, 96, 15, 50, 94, 96, 21, 10, 110, 108, 77, 79, 87, 2, 90, 61, 36, 59, 70, 19, 62, 2, 67, 64, 65, 7, 111, 55, 40, 29, 11, 10, 110, 25, 48, 94, 31, 100, 10, 53, 8, 29]
[72]
[53, 10, 105]
[89, 66, 10, 64, 35, 97, 2]
[81]
[44, 96, 26, 101, 35, 5, 121, 97, 62, 112, 113, 33, 102, 5, 87, 47, 51, 14, 62, 10, 10, 95, 74, 59, 23, 10, 110, 91, 81, 36, 3, 53, 102, 25, 39, 6]
[2, 30, 93, 111, 28, 98, 61, 87, 111, 99, 64, 117, 92, 13, 5, 52, 63, 120, 61, 71, 30, 40, 105, 25, 14, 59, 51, 38, 71, 103, 115, 96, 16, 17, 15, 95, 0, 53, 89, 34, 44, 68, 21, 10, 87]
[90]
[46, 63]
[102, 30, 105, 43, 78, 31, 53, 63, 1, 40, 39, 12, 97, 52, 53, 41, 59, 12, 75, 6, 29, 53, 59]
[99]
[77, 44, 94, 86, 109, 102, 4, 63, 120, 73, 76, 90, 115, 44, 51, 58, 10, 120, 51, 77, 97, 3, 28, 67, 49, 55, 17, 41, 11, 91, 63]
[108]
[53, 94, 10, 20]
[40, 54, 112, 38, 123, 103, 87, 24, 77, 84, 44, 29, 24, 33, 111, 91, 14, 10, 30, 87]
[39, 77, 74, 74, 95, 59, 94, 65, 102, 30, 88, 97, 95, 53, 39, 44, 22, 20, 59, 72, 53, 10, 88]
[58, 117, 61, 116, 76, 29, 5]
[111, 10, 48]
[89, 46, 109, 42, 110, 91, 63, 103, 20, 106, 23, 95, 23, 1, 24, 30, 44, 2, 51, 99, 94, 106, 46, 91, 112]
[29, 10, 94, 98, 6, 20, 81, 93, 103, 45, 41, 96, 109, 52, 32, 9, 55, 100, 34, 10, 65]
[100, 32, 2, 15, 83, 23, 85, 93, 103, 87, 70, 30, 103, 95, 53, 10, 72, 91, 61, 85, 89, 18, 120, 10, 95, 86, 38, 37, 97, 54]
[53, 10, 73]
[110, 106, 120, 45, 63, 41, 49, 35, 97, 52, 26, 10, 53, 75]
[58]
[2, 95]
[67]
[30, 36, 67, 25, 39, 24, 110, 52, 108, 22, 37, 119, 21, 81, 3, 97, 60, 80, 18, 105, 72, 80, 109, 53, 50, 110, 35, 49, 76, 39, 12, 60, 74, 23, 29, 112, 10, 84, 122, 45, 28, 53, 13]
[85]
[20, 41, 39, 80, 4, 29, 45, 94, 87, 75, 8, 53, 2, 123, 121, 115, 10, 33]
[29, 103, 62]
[54, 59, 64, 122, 12, 15, 75, 85, 102, 83, 110, 62, 105, 29, 5, 32, 41, 113, 13, 113, 39, 63, 65, 53, 98, 64, 40, 118, 6, 8, 85, 10, 21, 47, 56, 45, 113, 71, 34, 3, 13, 7, 110, 71, 53]
[108, 19, 31, 30, 94, 20, 104, 79, 118, 114, 50, 51, 97, 6, 110, 1, 19, 86, 103, 93, 88, 12, 20, 110, 54, 90, 85, 90, 10, 97, 19, 93, 53, 116]
[26, 111, 59]
[29, 111, 24, 101]
[89, 111, 27, 2, 7, 68, 79, 7, 12, 94, 6, 0, 41, 30, 16, 24, 93, 78, 31, 121, 89, 51, 36, 111, 53, 99, 22, 96, 85, 76, 62, 23, 69, 10, 108, 53, 85, 41, 13, 97, 35]
[59, 28, 90, 40, 101, 108, 66, 104, 6, 8, 100, 10, 39, 0, 68, 46, 32, 45, 85, 110, 110, 53, 86, 3, 120, 61, 36, 55, 81, 86, 16, 7, 96, 91, 29, 95]
[101, 111, 122, 55, 67]
[29, 53, 38, 30, 7]
[71]
[111, 29, 123]
[103, 40, 120, 116, 29, 51]
[80]
[111, 16, 10, 35]
[89]
[82, 115, 86, 36, 22, 46, 84, 69, 18, 29, 120, 58, 29, 82, 78, 77, 47, 11, 92, 30, 25, 53, 10, 102, 118, 42, 31, 111, 88]
[39, 111, 23]
[62, 30, 92, 92, 28, 21, 118, 59, 50, 52, 16, 33, 11, 34, 113, 40, 8, 96, 115, 76, 66, 77, 79, 115, 1, 20, 48, 95, 111, 26, 46, 51, 11, 14, 70, 53, 34, 23, 84, 10, 36]
[92, 29, 82, 65, 13, 92, 104, 43, 62, 86, 110, 55, 81, 34, 24, 39, 118, 99, 33, 97, 53, 105, 82, 28, 61, 72, 101, 57, 106, 50, 20, 73, 76, 63, 9, 53, 119, 22, 32, 10, 95]
[84, 7, 19, 57, 14, 21, 108, 59, 31, 53, 88, 7, 112, 106, 100, 9, 60, 117, 38, 13, 54, 11, 52, 86, 22, 6, 111, 83, 10, 39, 87, 102, 32, 123, 71, 20, 18, 10, 91, 25, 120, 29, 79]
[53, 77, 3, 87, 101, 83, 10, 99, 93, 97, 96]
[21, 90]
[111, 24, 67]
[46, 3]
[39]
[48]
[45, 109, 111, 71, 116, 30, 97]
[57]
[52, 77, 57, 87, 38, 14, 53, 39, 21, 69, 120, 25, 86, 53, 96, 112, 110, 30, 64, 1, 51, 10, 11]
[46, 2, 121]
[66]
[111, 29, 118]
[75]
[105, 92, 48, 60, 104, 31, 26, 62, 22, 35, 53, 115, 89, 39, 82, 59, 115, 2, 26, 78, 0, 53, 2, 1, 121, 71, 24, 61, 84, 120, 97, 4]
[34, 60, 59, 101, 19, 51, 73, 36, 48, 76, 18, 84, 116, 14, 84, 96, 39, 0, 101, 53, 18, 116, 49, 19, 10, 54]
[28, 78, 72, 7, 83, 55, 40, 41, 74, 15, 0, 70, 89, 38, 14, 87, 2, 123, 93, 115, 65, 15, 25, 96, 97, 48, 10, 91, 9, 108, 34, 73, 86, 10, 62, 31, 110, 53, 115]
[34, 76, 108, 88, 53, 67, 74, 78, 108, 32, 45, 1, 16, 10, 11, 97, 4]
[123, 0, 48, 42, 33, 119, 22, 89, 70, 98, 64, 106, 20, 31, 52, 4, 16, 76, 33, 86, 74, 4, 59, 110, 14, 60, 108, 17, 114, 53, 94, 13, 101, 95, 54, 13, 71, 50, 82, 14, 38, 97, 100]
[111, 113]
[53, 10, 31]
[103, 30, 110]
[75, 23, 118, 72, 6, 122, 65, 39, 62, 77, 39, 112, 23, 72, 73, 121, 10, 123, 49, 61, 95, 1, 45, 36, 40, 81, 107, 53, 59]
[103, 122, 113, 97, 36, 10, 89]
[43]
[52]
[15, 101, 102, 47, 17, 31, 121, 48, 56, 21, 86, 91, 118, 34, 87, 49, 121, 76, 115, 41, 85, 95, 16, 53, 68, 108, 41, 86, 64, 10, 29]
[61]
[74, 111, 53, 34, 114, 55, 24, 37, 70, 30, 24]
[70]
[90, 3, 32, 57, 12, 47, 103, 109, 0, 79, 121, 8, 63, 65, 64, 16, 38, 22, 4, 11, 9, 111, 85, 53, 84, 57, 94, 97, 84, 111, 107, 10, 66]
[69, 79, 68, 33, 34, 51, 59, 22, 6, 10, 53, 50]
[97, 98, 61, 85, 75, 111, 67, 115, 111, 53, 123, 86, 119, 57, 99, 106, 84, 0, 74, 82, 15, 61, 85, 80, 84, 55, 116, 14, 121, 25, 86, 51, 114, 24, 93, 107, 86, 33, 10, 111]
[2, 73, 113, 74, 97, 0, 10, 113, 32, 30, 42, 94, 11, 44, 64, 38, 38, 121, 40, 15, 4, 13, 87, 15, 30, 121, 53, 13, 97, 95, 72, 34, 99, 58, 111, 19, 78, 36, 41, 13, 10, 23, 51, 38, 30]
[80, 120, 31, 22, 18, 97, 31, 111, 116, 84, 7, 10, 80, 95, 23, 97, 10, 60, 37, 81, 5, 86, 98, 5, 95, 10, 14]
[81, 103, 116, 65, 38, 59, 30, 116]
[91, 57, 89, 57, 14, 97, 90, 70, 73, 38, 50, 53, 98, 19, 74, 41, 106, 94, 65, 114, 53, 99, 71, 108, 115, 113, 13, 85, 92, 64, 88, 69, 73, 86, 19, 100, 21, 89, 66, 67, 106, 51, 10, 23]
[53, 10, 17]
[1, 3, 37, 105, 110, 39, 18, 92, 68, 53, 53, 10, 56]
[53, 10, 44]
[20]
[97, 25, 24, 103, 115]
[57, 41, 49, 51, 10, 12, 25, 64, 24, 78, 103, 3]
[38]
[47]
[55, 50]
[56]
[54, 2, 11, 91, 96, 51, 41, 12]
[49, 107, 110, 57, 27, 34, 104, 32, 68, 121, 109, 79, 108, 64, 53, 109, 23, 92, 70, 103, 66, 38, 70, 112, 97, 66, 73, 55, 54]
[53, 116, 13, 51, 37, 91, 61, 59, 41, 99, 103, 49, 72, 75, 49, 36, 92, 53, 85, 57, 63, 84, 0, 13, 10, 122, 63, 68, 122, 61, 34, 42, 77, 22, 71, 99, 6, 105, 10, 119]
[99, 50, 37, 2, 84, 111, 65, 81, 97, 10, 53, 119]
[91, 27]
[92, 104, 17, 14, 53, 32, 43, 89, 112, 82, 70, 78, 65, 25, 26, 23, 3, 102, 110, 8, 30, 63, 1, 97, 47, 48, 48, 49, 1, 53, 100, 82, 84, 74, 15, 55, 17]
[88, 28, 84, 15, 85, 35, 80, 51, 29, 10, 12, 21, 84, 111, 29, 77]
[111, 97, 0]
[16, 23, 11, 38, 86, 83, 29, 79, 85, 101, 79, 3, 92, 45, 29, 74, 57, 7, 97, 104, 112, 19, 105, 81, 28, 66, 10, 26, 22, 52, 86]
[60, 11, 21, 117, 43, 82, 108, 24, 8, 53, 118, 52, 8, 87, 56, 16, 30, 3, 108, 103, 90, 60, 21, 49, 87, 113, 118, 119, 113, 33, 106, 47, 2, 10, 119]
[52, 114, 52, 21, 9, 108, 13, 24, 103, 120, 61, 108, 40, 97, 15, 81, 107, 13, 59, 22, 76, 119, 78, 14, 120, 12, 73, 83, 31, 46, 18, 10, 106, 16, 83, 8, 18, 16, 85, 53, 114]
[71, 70, 43, 60, 33, 31, 112, 95, 80, 31, 26, 10, 24, 84, 62, 62, 81, 28, 97, 29, 110, 86, 36, 44, 8, 34, 18, 123, 26, 18, 53, 97, 110]
[2, 46, 0]
[6]
[111, 39, 13]
[77, 1, 63, 105, 25, 66, 64, 37, 15, 57, 39, 81, 48, 39, 41, 121, 63, 112, 20, 2, 118, 83, 44, 64, 83, 23, 38, 70, 40, 101, 31, 115, 10, 91, 86, 41, 101, 63, 29, 10, 96]
[2, 46, 18]
[24]
[103, 113]
[33, 39, 99, 80, 55, 53, 0, 11, 98, 78, 53, 45, 40, 113, 76, 87, 58, 112, 20, 52, 44, 34, 49, 68, 43, 98, 36, 20, 93, 109, 77, 12, 11, 19, 71, 65, 65, 10, 52, 40, 90, 30, 72]
[55, 103, 30, 88, 71, 23]
[37, 75, 10, 92, 59, 82, 98, 43, 9, 26, 21, 85, 29, 1, 75, 113, 18, 97, 85, 14, 111, 11, 24, 5, 83, 17, 116, 52, 57, 51, 2, 82, 67, 94, 10, 53, 119]
[30, 111, 18, 7, 10, 57]
[43, 5, 53, 4, 84, 104, 36, 13, 80, 100, 123, 44, 62, 91, 29, 86, 70, 94, 59, 94, 11, 9, 65, 13, 5, 19, 0, 107, 33, 45, 22, 10, 37, 3, 99, 111, 84, 117, 34, 116, 14, 53, 68]
[10, 36, 31, 68, 106, 79, 97, 76, 34, 111, 123]
[29, 53, 54]
[113, 3, 36, 107, 89, 8, 26, 114, 98, 65, 8, 94, 29, 40, 96, 116, 53, 46, 10, 102]
[46, 105, 87]
[10]
[111, 39, 8]
[32, 46, 6, 67, 113, 42, 39, 21, 88, 29, 11, 102, 65, 59, 109, 29, 101, 64, 83, 53, 10, 11]
[111, 97, 98]
[37]
[23, 120, 28, 11, 113, 73, 18, 10, 39, 65, 54, 30, 23, 103, 20, 106, 36, 88, 66, 63, 82, 120, 29, 52, 24, 10, 59, 24, 62, 7, 96, 22, 29, 53, 17]
[29, 111, 116]
[10, 39, 53, 10, 71]
[100, 18, 106, 50, 10, 69, 43, 71, 87, 73, 69, 26, 17, 51, 64, 16, 81, 118, 26, 48, 7, 119, 34, 54, 59, 39, 21, 53, 18, 34, 2, 14, 55, 67]
[122]
[46, 40, 33, 78, 26, 101, 39, 111, 106, 15, 103, 53, 41, 73, 76, 104, 46, 72, 118, 90, 42, 17, 102, 29, 38, 26, 99, 36, 16, 10, 15]
[111, 93]
[46, 122]
[68, 106, 38, 71, 110, 69, 33, 120, 55, 109, 70, 53, 10, 115, 89, 14, 97, 122]
[38, 38, 30, 8, 87, 17, 59, 17, 51, 104, 69, 8, 107, 97, 107, 91, 86, 5, 33, 111, 73, 83, 47, 17, 3, 53, 3, 8, 5, 10, 30, 2]
[96, 46, 36, 2, 27]
[5, 76, 45, 73, 51, 102, 48, 48, 26, 110, 87, 119, 40, 97, 65, 63, 40, 110, 117, 21, 107, 28, 101, 41, 36, 98, 79, 116, 11, 47, 86, 9, 21, 113, 19, 49, 102, 32, 94, 119, 25, 68, 96, 101, 10]
[103, 30, 99]
[116, 43, 58, 29, 99, 100, 17, 28, 41, 51, 39, 58, 91, 57, 10, 104, 29, 88]
[88, 86, 33, 13, 5, 11, 62, 10, 121, 3, 42, 77, 91, 107, 26, 41, 96, 1, 123, 0, 114, 13, 33, 19, 22, 19, 8, 33, 100, 34, 39, 114, 46, 22, 59, 61, 44, 30, 4, 61, 29, 80]
[23]
[53, 93]
[30, 39, 98, 58, 17, 52, 66, 38, 23, 97, 25, 102, 43, 70, 22, 68, 5, 50, 15, 53, 31, 39, 63, 50, 64, 117, 26, 66, 68, 49, 16, 61, 113, 56, 1, 38, 36, 42, 94, 123, 116, 5, 68, 22, 46]
[97, 8, 59, 10, 58]
[96, 115, 95, 10, 33, 22, 102, 102, 36, 67, 55, 49, 14, 93, 53, 111]
[120, 74, 10, 58, 16, 70, 69, 79, 64, 65, 111, 59, 55, 53, 113, 31, 105, 71, 122, 59, 61, 9, 83, 3, 73, 23, 2, 16, 19, 108, 117, 62, 37, 81, 30, 11, 60, 110, 36, 71, 43, 10, 87]
[112, 30, 10, 53, 68]
[59, 80, 108, 41, 68, 85, 43, 39, 44, 3, 114, 15, 37, 52, 37, 0, 68, 16, 39, 24, 44, 66, 54, 25, 14, 55, 34, 73, 17, 94, 98, 29, 10, 118, 21, 94, 102, 98, 87, 23, 82, 81, 1, 53, 26]
[34, 116, 35, 26, 39, 77, 25, 115, 26, 57, 104, 114, 19, 10, 105, 2, 38, 72, 34, 3, 95, 32, 24, 108, 26, 30, 106, 39, 23, 106, 16, 36, 53, 111]
[99, 112, 16, 32, 39, 32, 24, 4, 58, 7, 30, 72, 115, 112, 36, 83, 101, 66, 64, 39, 118, 28, 89, 115, 100, 50, 53, 15, 77, 122, 63, 98, 10, 30, 111]
[2, 1]
[91, 88]
[103, 110, 55, 35, 29, 107]
[36, 71, 79, 120, 99, 110, 16, 44, 21, 51, 85, 46, 111, 73, 42, 9, 17, 86, 2, 97, 120, 39, 84, 47, 105, 9, 52, 81, 89, 107, 120, 110, 94, 73, 87, 104, 25, 72, 39, 11, 64, 24, 14, 10, 40]
[10, 111, 75, 118, 4, 9, 87, 97, 66, 32, 116, 10, 85, 42, 88, 86, 30, 73]
[39, 68, 53, 101]
[116, 78, 48, 53, 4, 105, 8, 68, 116, 65, 21, 106, 38, 2, 42, 107, 54, 52, 91, 123, 98, 50, 115, 33, 29, 34, 86, 26, 103, 12, 119, 82, 100, 53, 117, 53, 104, 19, 10, 115, 42, 33, 96, 70]
[103, 55, 100, 20, 53, 85, 62, 41, 97, 69]
[17, 42, 102, 10, 77, 20, 4, 61, 116, 51, 65, 86, 123, 60, 38, 94, 53, 95, 97, 20, 83, 51, 54, 68, 73, 117, 97, 52, 73, 90, 104, 44, 77, 52, 10, 93]
[103, 80]
[0]
[44, 63, 4, 79, 66, 15, 91, 74, 67, 5, 65, 18, 83, 38, 53, 53, 122, 88, 53, 30, 90, 47, 5, 10, 29, 83]
[9]
[18]
[121, 46, 91, 42]
[40, 107, 60, 37, 57, 6, 32, 33, 44, 89, 78, 104, 111, 5, 108, 63, 44, 66, 76, 109, 83, 4, 97, 116, 39, 59, 53, 59, 25, 109, 62, 23, 13, 60, 80, 108, 55, 28]
[87, 96, 87, 84, 94, 39, 26, 56, 90, 96, 40, 10, 117, 82, 19, 10, 83, 80, 55, 53, 45, 41, 30, 79, 119, 1, 78, 77, 33, 74, 26, 106, 88, 17, 3, 55, 89, 87, 59, 42, 104, 36, 29, 91]
[104, 60, 91, 1, 117, 51, 50, 2, 61, 46, 39]
[103]
[112]
[117, 76, 71, 58, 96, 36, 72, 86, 120, 52, 97, 53, 51, 108, 10, 106, 1, 87, 121, 81, 5, 38, 91, 31, 23, 53, 21, 101, 81, 40, 63]
[99, 45, 75, 38, 68, 40, 76, 6, 20, 24, 92, 90, 72, 85, 88, 82, 56, 55, 61, 52, 107, 108, 29, 19, 53, 30, 10, 53, 82]
[46, 94]
[97, 111, 38]
[25, 102, 53, 10, 10]
[83, 119, 86, 94, 109, 49, 74, 8, 95, 77, 108, 85, 1, 63, 41, 88, 113, 75, 68, 113, 19, 4, 99, 37, 32, 26, 23, 21, 38, 70, 14, 98, 30, 8, 10, 85, 108, 49, 53, 39]
[41, 43, 2, 98]
[28, 123, 10, 103, 29, 36]
[8, 92, 53, 70, 30, 69, 70, 90, 57, 87, 15, 15, 100, 17, 70, 38, 68, 23, 83, 81, 70, 72, 105, 30, 5, 122, 19, 50, 105, 50, 10, 15]
[89, 27, 34, 55, 83, 18, 102, 52, 94, 98, 109, 99, 22, 45, 90, 3, 47, 112, 111, 47, 30, 60, 119, 6, 36, 45, 2, 10, 49, 26, 39, 83]
[103, 84]
[4]
[51, 52, 82, 61, 59, 39, 12, 110, 10, 2, 111, 53, 65]
[84, 53, 60, 100, 85, 123, 113, 115, 115, 3, 118, 111, 97, 106, 45, 15, 103, 49, 31, 103, 97, 32, 13, 108, 36, 60, 51, 81, 98, 39, 41, 29, 90, 54, 119, 123, 50, 96, 41, 84, 10, 9]
[116, 37, 53, 64, 0, 31, 37, 38, 73, 54, 49, 18, 83, 119, 91, 45, 74, 108, 35, 59, 120, 29, 51, 34, 64, 22, 12, 79, 52, 70, 21, 98, 88, 37, 53, 46, 56, 30, 70]
[55, 113, 53, 48, 110, 80, 53, 39, 86, 68, 11, 71, 10, 97, 19]
[59, 36, 55, 25, 116, 97, 103, 89, 60, 10, 105]
[115, 29, 78, 58, 60, 78, 34, 115, 74, 51, 70, 111, 49, 13, 26, 42, 0, 37, 41, 25, 110, 113, 58, 66, 67, 103, 47, 36, 118, 29, 10, 94]
[111, 33]
[39, 33, 86, 101, 118, 35, 72, 44, 90, 53, 123, 60, 75, 61, 9, 112, 52, 6, 116, 99, 86, 18, 82, 73, 72, 29, 105, 10, 13, 53, 72]
[38, 53, 50, 55, 12, 103, 54]
[107]
[111, 60]
[116]
[26, 83]
[103, 37, 86, 10, 51]
[66, 57, 20, 48, 106, 31, 0, 96, 105, 123, 46, 65, 86, 98, 109, 53, 16, 49, 7, 10, 9]
[46, 53, 20]
[27, 59, 64, 21, 93, 97, 73, 81, 19, 64, 60, 55, 42, 104, 77, 1, 122, 85, 89, 50, 17, 12, 116, 110, 19, 16, 9, 96, 36, 118, 53, 24]
[32, 53, 104, 97, 9, 37, 55, 26, 70]
[103, 79]
[2, 103]
[108, 103, 39, 0, 22, 21, 42, 60, 2, 93, 65, 72, 25, 117, 54, 14, 87, 123, 91, 60, 62, 38, 55, 43, 16, 83, 14, 41, 113, 10, 33, 54, 38, 93, 16, 29, 0]
[2, 112]
[84]
[26, 53, 10, 13, 103, 111, 104, 3, 23, 115, 30, 93]
[111, 46]
[39, 72, 13, 10, 16, 97, 20]
[111]
[96, 5, 61, 53, 1, 79, 109, 97, 15, 1, 25, 120, 65, 104, 55, 113, 64, 29, 106, 5, 10, 36]
[120]
[111, 10, 91, 118, 30, 69]
[84, 46, 10, 53, 96]
[36, 123, 86, 87, 78, 97, 4, 53, 94, 26, 14, 22, 118, 10, 10]
[53, 41, 64]
[2, 41, 102]
[41, 81]
[57, 72, 33, 36, 3, 96, 109, 31, 53, 101, 55, 65, 3, 93, 41, 104, 1, 102, 4, 20, 43, 112, 37, 111, 4, 16, 111, 4, 77, 106, 55, 36, 97, 10, 85]
[91, 46, 23]
[53, 73]
[56, 97, 103, 98, 55, 75]
[18, 59, 111, 19, 115, 45, 21, 79, 110, 20, 94, 90, 92, 120, 88, 82, 67, 15, 50, 104, 57, 10, 112, 85, 62, 6, 101, 68, 49, 17, 30, 74, 74, 59, 15, 83, 103, 53, 21]
[2, 107]
[118, 67, 53, 59, 119, 88, 83, 3, 63, 21, 26, 99, 111, 10, 59, 97, 36, 22]
[79]
[75, 103, 10, 16]
[88]
[97]
[103, 109, 24, 116, 39, 66]
[103, 26, 68]
[106]
[115]
[103, 42]
[103, 51]
[56, 111, 107, 4, 72, 38, 56, 90, 115, 96, 61, 21, 68, 31, 21, 53, 10, 25, 49, 91, 121, 11, 29, 73]
[46, 44, 2, 69]
[29, 53, 118]
[41, 2, 0]
[77, 41, 113, 112, 34, 118, 62, 52, 22, 91, 75, 113, 35, 54, 67, 89, 56, 28, 56, 85, 76, 14, 52, 108, 38, 80, 70, 7, 36, 24, 59, 97, 39, 46, 53, 5, 74, 10, 53, 101, 96, 49]
[2, 102]
[46, 121, 73, 13, 36, 30, 37, 77, 102, 90, 48, 29, 56, 23, 44, 74, 91, 59, 63, 10, 39, 45, 92, 83, 65, 84, 24, 66, 61, 2, 94]
[74]
[46, 56]
[15, 21, 97, 13, 53, 109]
[84, 95, 100, 53, 70, 26, 28, 93, 50, 49, 75, 50, 93, 90, 36, 55, 77, 103, 29, 47, 92, 39, 86]
[101]
[41, 2, 121]
[29, 103, 87]
[59, 53, 79]
[38, 52, 108, 47, 13, 74, 9, 28, 60, 15, 5, 53, 103, 66, 59, 11, 38, 29, 62, 42, 104, 55, 25]
[97, 53, 22]
[79, 53, 55, 117, 115, 30, 66, 58, 2, 100, 76, 91, 80, 103, 41, 53, 113, 11, 60, 23, 86, 55, 42, 97, 10, 91]
[69, 102, 59, 63, 70, 76, 53, 37, 82, 91, 61, 22, 86, 32, 9, 64, 25, 28, 10, 51]
[98, 55, 84, 64, 49, 97, 11, 108, 52, 2, 63, 32, 27, 60, 35, 72, 55, 88, 61, 110, 15, 26, 65, 60, 22, 27, 80, 109, 103, 48, 111, 2, 30, 53, 53, 96, 60, 11, 30, 122, 10, 106]
[58, 82, 94, 67, 2, 53, 102, 33, 33, 4, 38, 77, 83, 89, 115, 28, 37, 100, 22, 58, 29, 63, 63, 36, 39, 45, 101, 78, 51, 11, 71, 110, 96, 10, 43, 120, 82, 35, 24, 42]
[86, 41, 118, 65, 106, 4, 74, 118, 123, 4, 11, 97, 1, 29, 110, 14, 97, 76, 17, 32, 91, 120, 40, 75, 110, 103, 67, 68, 10, 13, 91, 41, 64, 46, 28, 53, 73, 10, 108, 123, 29, 117]
[22, 41, 93, 20, 39, 53, 63, 92, 51, 101, 96, 98, 52, 48, 23, 61, 96, 10, 113, 35, 41, 59, 46, 58, 104, 21, 4, 95, 80, 102, 60, 33, 22, 45, 21, 96, 64, 60, 56, 94, 69, 15, 104, 67, 90]
[51]
[53, 47, 6, 52, 74, 89, 111, 50, 62, 10, 30, 107]
[83, 110, 22, 92, 106, 18, 105, 111, 91, 86, 79, 97, 74, 48, 113, 37, 0, 117, 62, 34, 122, 93, 115, 64, 107, 85, 104, 55, 61, 10, 83, 39, 63]
[31, 55, 84, 93, 116, 117, 114, 12, 53, 116, 29, 58, 69, 121, 39, 122, 54, 25, 38, 40, 38, 22, 10, 47]
[78]
[49, 78, 91, 101, 74, 70, 104, 51, 112, 52, 39, 50, 24, 91, 118, 87, 53, 24, 10, 78, 31, 21, 98, 115, 104, 68, 15, 97, 53, 112, 81, 32, 92, 123, 21, 103, 8, 73, 7, 33, 106, 10, 4]
[23, 6, 20, 113, 97, 77, 41, 57, 69, 97, 43, 76, 56, 53, 71, 76, 94, 62, 68, 29, 0, 40, 87, 117, 21, 118, 82, 54, 39, 116, 103, 102, 10, 120]
[91, 40]
[20, 20, 42, 70, 42, 111, 116, 34, 50, 51, 63, 31, 3, 7, 71, 3, 33, 80, 118, 14, 100, 45, 40, 116, 70, 39, 102, 117, 10, 49, 35, 115, 110, 58, 120, 23, 107, 53, 88]
[120, 10, 8, 97, 86, 27, 106, 75, 12, 16, 111, 123, 51, 59, 31, 92, 100, 101, 72, 98, 110, 87, 107, 88, 55, 111, 53, 97, 10, 1]
[103, 116, 80, 56, 31, 11, 39, 97]
[0, 8, 41, 2, 60, 106, 110, 122, 51, 29, 45, 91, 102]
[97, 122, 41, 37, 66, 41, 120, 121, 123, 23, 88, 5, 116, 112, 92, 57, 25, 71, 13, 85, 106, 10, 38, 71]
[23, 108, 41, 12, 30, 20, 91, 7, 99, 110, 109, 32, 35, 87, 55, 80, 1, 111, 53, 83, 66, 27, 105, 44, 78, 14, 19, 36, 17, 56, 90, 39, 97, 53, 13, 41, 3]
[114, 31, 59, 39, 104, 62, 53, 47, 84, 33, 39, 25, 19, 99, 100, 55, 13, 36, 97, 52, 22, 87, 16, 42, 5, 14, 6, 12, 20, 94, 98, 41, 92, 35, 76, 119, 14, 50, 28, 21, 10, 115]
[1, 20, 24, 82, 56, 40, 52, 40, 2, 5, 12, 103, 102, 41, 11, 57, 25, 119, 35, 106, 30, 93, 39, 21, 34, 8, 28, 97, 60, 44, 77, 119, 28, 70, 31, 90, 39, 51, 105, 10, 23]
[46]
[46, 2, 110]
[30, 10, 103, 86]
[16, 88, 0, 86, 86, 8, 103, 49, 85, 53, 12, 32, 42, 36, 114, 101, 10, 19]
[82]
[111, 111]
[53, 97, 71, 17, 79, 107, 10, 10]
[29, 55, 82, 41, 30, 16]
[72, 96, 8, 43, 61, 116, 123, 49, 29, 52, 82, 7, 109, 29, 94, 5, 73, 91, 55, 81, 5, 51, 96, 55, 113, 111, 39, 105, 22, 55, 17, 91, 80, 117, 37, 104, 86, 96, 64, 45, 45, 109, 10, 51, 97]
[33, 113, 59, 112, 44, 89, 85, 41, 23, 85, 36, 118, 19, 70, 78, 91, 3, 91, 58, 67, 87, 58, 73, 123, 44, 6, 39, 112, 58, 96, 29, 15, 46, 111, 116, 29, 92, 107, 10, 28, 8, 53, 73]
[32]
[4, 21, 27, 14, 53, 61, 39, 18, 52, 31, 4, 98, 94, 18, 53, 117, 83, 11, 111, 116, 68, 63, 26, 64, 10, 21]
[2, 78]
[46, 32]
[68]
[2, 91, 33]
[28, 119, 58, 96, 109, 39, 59, 98, 74, 84, 18, 78, 86, 112, 77, 54, 53, 65, 104, 37, 10, 18]
[96, 57, 33, 80, 120, 53, 9, 91, 97, 48, 59, 37, 107, 37, 29, 103, 15, 45, 52, 16, 72, 36, 11, 77, 91, 13, 110, 29, 89, 108, 29, 86, 80, 23, 94, 113, 104, 92, 105, 10, 112]
[17, 111, 38, 113, 50, 26, 25, 111, 90, 116, 118, 87, 54, 73, 18, 30, 71]
[29, 21, 19, 68, 93, 53, 10, 76]
[25, 29, 45, 44, 21, 91, 41, 24, 2, 46]
[103, 22]
[11, 57, 38, 22, 44, 43, 70, 117, 62, 39, 101, 118, 69, 18, 97, 113, 35, 58, 54, 1, 80, 85, 26, 74, 77, 18, 26, 8, 77, 10, 50, 59, 67, 50, 33, 96, 53, 90, 18, 33, 34, 30, 26, 96, 55]
[57, 119, 111, 97, 10, 64, 52, 37]
[109, 73, 111, 5, 5, 60, 86, 109, 109, 96, 52, 48, 17, 66, 77, 45, 100, 18, 55, 67, 100, 116, 67, 41, 62, 7, 6, 121, 62, 71, 91, 23, 61, 71, 120, 80, 121, 78, 74, 70, 66, 16, 16, 52, 63]
[2, 46]
[46, 0]
[27]
[13, 55, 120, 114, 94, 11, 52, 52, 100, 87, 115, 42, 35, 63, 71, 104, 105, 110, 93, 31, 118, 10, 103, 118, 63, 100, 90, 43, 112, 32, 45, 33, 102, 69, 55, 120, 113, 81, 36, 29, 55, 52, 53, 10, 14]
[111, 10, 30, 62]
[45]
[54]
