[33, 10, 57, 29, 53, 116, 29]
[111, 122, 10]
[116, 10, 38, 53, 21, 29, 105, 53]
[53, 105, 29, 21, 105, 53, 38, 10]
[59, 38, 53, 10, 38, 21, 110, 53, 21, 47, 10, 29]
[116, 10, 38, 53, 29, 21, 47, 10, 29]
[39, 59, 53, 57, 10, 21, 110, 105, 96, 53, 117, 29, 117]
[29, 111, 24]
[9, 111, 38, 29, 55]
[111, 116, 29]
[2, 91, 46]
[91, 86, 97, 70, 111, 97, 96, 47, 53, 40, 38, 21, 110, 116, 10, 105, 96, 53, 71, 10, 97]
[38, 97, 59, 110, 53, 57, 10, 53, 97, 96, 33, 39, 38]
[91, 86, 10, 40, 38, 93, 75, 97, 21, 53, 39, 53, 10]
[53, 39, 10, 36, 53, 10, 75]
[31, 36, 39, 53, 96, 10]
[31, 39, 36, 97, 53, 71, 55, 71, 10, 97, 53, 65, 47, 10, 53, 29]
[97, 53, 47, 57, 29, 53, 36, 116, 10, 38]
[50, 39, 53, 10, 36, 29]
[57, 29, 53, 10, 39, 97, 53, 36, 47, 53, 10]
[31, 29, 36, 71, 53, 10]
[53, 36, 97, 111, 10]
[111, 71, 10, 97, 36, 53, 29, 10]
[38, 93, 36, 39, 53, 10, 38, 116, 29, 10, 53]
[36, 39, 53, 10, 47, 29, 10]
[111, 29, 10, 31, 36]
[36, 39, 53, 10, 57, 53, 38, 10]
[53, 97, 96, 36, 10, 39, 53, 9, 10, 53]
[36, 111, 71, 97, 47, 53, 10, 30]
[53, 111, 29, 10]
[31, 111, 83, 29, 36, 10, 53]
[36, 29, 39, 53, 10, 53, 96]
[97, 53, 47, 10, 39, 10, 53, 36]
[36, 97, 53, 10, 39, 55, 53, 47]
[36, 111, 57, 29, 97, 10, 77, 10, 29, 105, 53]
[10, 39, 53, 31, 10, 36, 97]
[111, 57, 97, 53, 29, 10, 36]
[105, 39, 53, 97, 10]
[97, 53, 47, 10, 29, 53, 36]
[70, 10, 59, 110, 97, 117, 53, 96, 105, 96, 91, 29, 115, 55, 38, 90, 53, 117, 29, 96, 117, 39, 38, 10, 110, 53, 57, 10, 90, 97, 8]
[70, 38, 10, 39, 97, 53, 91, 96, 47, 10, 29, 21, 53, 10]
[70, 53, 97, 96, 117, 91, 111, 38, 55, 105, 96, 53, 10, 21, 29]
[38, 29, 86, 10, 59, 110, 97, 115, 36, 53, 29, 10]
[55, 53, 71, 97, 41, 111, 77, 36, 10, 39, 53, 41, 57, 26, 47, 77, 10, 8]
[111, 53, 36, 39, 41, 53, 41, 47, 10, 29]
[111, 36, 46, 55, 53, 71, 97, 41, 65, 47, 10, 111, 53, 41, 39, 97, 21, 41, 36, 10, 57, 53, 26, 21, 47, 10, 29]
[71, 111, 55, 53, 97, 41, 57, 47, 10, 21, 102, 53, 40]
[36, 111, 46, 55, 53, 71, 10, 47, 41, 111, 77, 39, 36, 53, 53, 41, 57, 26, 8]
[36, 53, 53, 111, 39, 36, 46, 55, 53, 71, 10, 47, 41, 111, 55, 53, 71, 61, 97, 10, 47, 41, 111, 53, 65, 47, 10, 111, 53, 10, 26, 36, 111, 41, 1, 46]
[39, 41, 53, 57, 53, 10]
