[97, 10, 53, 39, 10, 97, 21, 53, 10]
[111, 122, 10]
[111, 53, 10, 57, 29, 53, 10]
[116, 10, 38, 29]
[39, 59, 10, 110, 53, 29, 38]
[10, 53, 21, 29, 105, 53]
[38, 59, 53, 10, 38, 110, 21, 29]
[29, 111, 10, 29]
[111, 116, 29]
[2, 91, 46]
[38, 10, 59, 38, 110, 53, 97, 97, 96, 10, 33, 39]
[111, 29, 10, 96, 36]
[111, 53, 38, 29, 36, 10]
[31, 111, 39, 40, 10]
[53, 36, 71, 39, 10, 53, 65, 47, 10, 53]
[111, 39, 38, 36, 10, 53, 116, 29, 38]
[111, 50, 53, 29, 36, 10]
[111, 53, 71, 29, 10]
[39, 97, 53, 29, 10]
[111, 71, 10, 97, 36, 53, 29, 10]
[39, 36, 97, 53, 47, 10]
[111, 36, 55, 47, 53, 29]
[39, 111, 36, 97, 10, 38, 10]
[29, 111, 53, 10, 36, 96]
[31, 111, 83, 29, 36, 10, 53]
[36, 39, 53, 10, 39, 10, 53]
[39, 31, 53, 36, 10, 53, 29]
[70, 91, 86, 53, 38, 116, 29, 10, 36, 97, 53]
[70, 10, 59, 53, 117, 29, 53, 96, 38, 91, 90, 97, 117, 10, 110, 53, 90, 96, 53, 29, 38]
[86, 53, 29, 40, 97, 10, 91]
[86, 53, 40, 10, 21, 59, 53, 29, 110, 91, 53, 116, 29]
[96, 110, 83, 38, 53, 39, 55, 10, 97, 97]
[91, 86, 10, 29, 40, 26, 38, 97, 53, 115, 29, 21, 10]
[70, 96, 91, 38, 53, 10, 39, 97, 55, 53]
[70, 86, 10, 96, 40, 38, 10, 97, 53]
[96, 117, 91, 53, 96, 97, 111, 38, 29, 55, 10, 21, 29]
[97, 70, 53, 38, 10, 36, 105, 96, 53, 29]
[29, 91, 110, 10, 96, 90, 97, 38, 53, 26, 21, 10, 111, 29, 53]
[97, 111, 36, 53, 10, 39, 53, 41, 53, 61, 77, 39, 10, 53, 41, 46]
[103, 97, 53, 36, 41, 97, 53, 41, 47, 71, 77, 10, 29, 53, 26, 41]
[53, 111, 39, 36, 46, 53, 10, 41, 29, 61, 10]
[53, 111, 41, 71, 47, 10, 102, 53, 40, 21, 29]
[53, 111, 46, 41, 36, 53, 10, 97, 55, 53, 71, 61, 97, 10, 47, 41, 111, 53, 61, 10, 8, 53]
[53, 111, 39, 46, 41, 71, 53, 47, 10, 102, 53, 46, 40, 21, 29]
[111, 53, 36, 41, 53, 10, 71, 53, 47, 10, 26, 29, 21, 29]
[53, 111, 55, 97, 36, 1, 97, 10, 41, 53, 26, 71, 10, 97, 21, 53, 47, 10, 36, 29]
[53, 78, 10, 29]
[57, 29, 10, 53]
[111, 57, 29, 1, 10]
[53, 10, 111, 55, 57, 29, 26]
