[33, 10, 57, 29, 53, 116, 29]
[111, 10]
[39, 53, 10]
[53]
[111, 10]
[39, 53, 10]
[55, 39, 55, 97, 53, 10]
[53]
[53]
[39, 53, 10]
[103]
[103]
[39, 53]
[53, 29, 55, 39, 53, 10]
[53]
[53]
[111, 122, 10]
[111, 10, 53, 29, 55, 116, 10]
[103]
[39, 53, 10]
[53]
[39, 53, 10]
[111, 10]
[53, 111, 29, 55]
[111, 29, 55]
[38, 53, 111, 10]
[10, 53]
[103]
[53]
[53, 10, 39, 53]
[26]
[10, 111, 29, 93, 10]
[103]
[71, 39, 55, 53]
[103]
[10, 111, 29]
[111, 10]
[71, 111, 55, 77, 10, 53]
[111, 53, 10, 57, 29, 53, 10]
[111, 10]
[53]
[10, 111, 29]
[39, 53]
[39, 53, 10]
[111, 57, 29, 10, 53]
[97, 53, 29]
[39, 53, 10]
[53]
[103]
[53]
[53, 96, 38, 10, 97]
[59, 110, 53, 29]
[117, 97, 10, 115, 21, 105, 96, 53]
[]
[97, 38, 10, 59, 110, 53]
[10, 38, 53, 21, 53, 29]
[116, 10, 38, 53, 21, 29, 105, 53]
[53, 96, 38, 10, 97]
[63, 38, 29, 10]
[63, 38, 53, 10, 29, 53, 10]
[]
[]
[97, 38, 47, 53, 21, 105, 96, 53, 10, 97]
[96, 117, 53, 21, 10, 29, 53]
[10, 38, 53, 21, 10, 53, 29]
[10, 59, 38, 97, 53]
[59, 110, 53, 38, 29, 10]
[59, 53, 10, 38]
[]
[39, 38, 53, 29, 21, 47, 10, 29, 116, 10, 38]
[53, 105, 21, 10, 53, 38, 10, 29]
[39, 59, 53, 57, 10, 21, 110, 53, 117, 29]
[117, 97, 10, 115, 105, 96, 53]
[75, 53, 10]
[38, 39, 59, 53, 10, 30, 110]
[97, 10, 115, 105, 96, 53]
[59, 53, 10, 38, 110, 21, 29]
[38, 53, 10, 38, 59, 21, 110, 53, 29]
[21, 97, 53, 105, 53]
[38, 10, 59, 96, 105, 91, 29, 115, 55, 29, 96, 110, 53, 90, 97]
[59, 38, 53, 10, 39, 38, 21, 110, 53, 21, 47, 10, 29]
[47, 97, 38, 105, 96, 53, 10, 21, 29]
[116, 10, 38, 53, 29, 53]
[117, 97, 10, 115, 105, 96, 53]
[59, 53]
[97, 10, 115, 105, 96, 53]
[116, 10, 38, 29]
[29, 38, 10, 59, 110, 53, 30, 57, 10]
[116, 10, 38, 53, 29, 110, 53, 96]
[29, 38, 10, 59, 110, 53, 30, 57, 10]
[116, 10, 38, 53, 21, 29, 105, 53]
[53, 105, 29, 21, 105, 53, 38, 10]
[38, 53, 10, 29]
[59, 38, 53, 10, 38, 21, 110, 53, 21, 47, 10, 29]
[38, 97, 59, 53, 10, 30, 110]
[116, 10, 38, 53, 29, 21, 47, 10, 29]
[116, 10, 38, 53, 29, 53]
[21, 59, 53, 116, 10, 38]
[39, 59, 53, 57, 10, 21, 110, 105, 96, 53, 117, 29, 117]
[38, 39, 59, 53, 10, 30, 110]
[111, 29]
[111, 29]
[39, 53]
[39, 53]
[111, 29, 55]
[39, 53]
[111, 29]
[53, 111, 29, 55]
[29, 111, 24]
[111, 29, 55]
[10, 111, 29]
[39, 53]
[111, 24]
[29, 10, 111, 29]
[39, 53]
[39, 53]
[111, 116, 29]
[111, 29, 29]
[111, 24]
[111, 116, 29]
[39, 53, 10]
[111, 29]
[39, 53, 10]
[111, 29, 55]
[53, 111, 55]
[111, 29]
[111, 24]
[39, 53]
[111, 38, 29]
[111, 10]
[111, 116, 29]
[111, 29]
[39, 53, 10]
[39, 53]
[29, 111, 24]
[39, 53, 10]
[39, 26, 53, 116, 29]
[53, 111, 38, 29, 55]
[39, 53]
[111, 116, 29]
[9, 111, 38, 29, 55]
[103]
[111, 29, 55]
[111, 29, 55]
[39, 53]
[53, 111, 29, 55]
[111, 116, 29]
[111, 29]
[39, 53]
[111, 29]
[]
[]
[]
[46, 2]
[46]
[]
[8]
[91, 46]
[26, 41, 53, 10]
[]
[]
[]
[46]
[46]
[2]
[]
[46, 2]
[]
[46]
[]
[]
[]
[117, 116, 29]
[53, 10]
[38, 39, 70, 110, 38, 47, 53, 10]
[46]
[46, 2]
[]
[]
[2]
[46]
[]
[2]
[2]
[]
[]
[]
[40]
[46]
[]
[]
[91]
[]
[]
[]
[2]
[2]
[]
[]
[41, 91, 91, 2]
[]
[46, 2]
[2, 46, 23, 91]
[]
[2, 91, 46]
[46]
[]
[2]
[2, 91, 46]
[91, 46]
[2]
[46]
[46, 2]
[2, 91, 46]
[]
[46, 2]
[2]
[46, 2]
[41, 2]
[2, 91, 46]
[]
[91]
[46, 2]
[]
[]
[2]
[46, 23, 91, 41, 2]
[2, 46, 23, 91]
[2, 91, 46]
[91, 46]
[2]
[91, 46]
[]
[2]
[2, 91, 46]
[2]
[46]
[46, 23, 91, 41, 2]
[]
[46, 2]
[91]
[]
[46, 2]
[2, 91, 46]
[2]
[]
[91]
[]
[70, 21, 47, 59, 10, 53, 97, 96, 55]
[83, 38, 10, 97]
[96, 53, 29, 21, 47, 10, 29, 117, 116, 29, 105, 96, 53, 38, 10, 59, 110, 53, 117, 29]
[59, 110, 53, 29, 10]
[10]
[38, 10, 59, 110, 116, 10, 97, 83, 53, 38, 93, 55, 57, 29, 10]
[70, 39, 117, 59, 110, 47, 10, 97, 96, 47, 53, 10, 83]
[38, 115, 29, 86, 10, 40, 59, 53, 91]
[91, 86, 97, 70, 111, 97, 96, 47, 53, 40, 38, 21, 110, 116, 10, 105, 96, 53, 71, 10, 97]
[59, 53]
[59, 53, 10, 53, 116, 10, 97, 110, 83, 53]
[91, 86, 97, 70, 47, 53, 40, 38, 21, 10, 97]
[]
[90, 53, 38, 29, 10, 83]
[]
[110, 53, 65, 47, 10, 116, 10, 105, 96, 53]
[38, 97, 59, 110, 53, 57, 10, 53, 97, 96, 33, 39, 38]
[59, 86, 10, 40, 39, 10, 110, 53]
[]
[105, 96, 53, 116, 10, 21, 29]
[21]
[91, 29, 86, 10, 40, 115, 97]
[53, 83, 59, 29, 53, 105, 29]
[86, 10, 40, 91, 97, 116, 97, 38, 10, 29, 117, 29]
[115, 10, 53]
[59, 53, 29, 9, 10]
[]
[59, 53, 9, 10]
[59, 110, 10, 39, 97, 53]
[59, 105, 53, 29]
[97, 10]
[59, 110, 39, 59, 53, 10, 97]
[86, 10, 40, 91, 90, 97]
[91, 86, 10, 40, 38, 93, 75, 97, 21, 53, 39, 53, 10]
[53, 91, 86, 97, 10, 29]
[38, 59, 110, 86, 10, 40, 53, 97, 96]
[]
[91, 86, 10, 40, 59, 23, 24]
[105, 10, 53, 59, 21, 110, 83, 97, 10, 110, 53]
[]
[83, 53, 91, 97, 90, 38, 21, 47, 26, 53, 29, 10]
[55, 47, 53, 65, 65, 97, 53, 47, 10, 29]
[90, 39, 59, 53, 10, 21]
[59, 91, 83, 53, 116, 10, 97]
[86, 97, 36, 10]
[96, 53, 39, 10, 53]
[91, 86, 10, 40, 21, 53]
[116, 10, 97, 86, 10, 40, 30, 47, 53, 10]
[91, 86, 10, 40, 70, 97, 53, 116, 38, 21, 47, 29, 10]
[31, 111, 36, 53, 29, 10]
[111, 36, 53, 71, 97, 10]
[53, 10, 111, 29, 55, 36, 96]
[53, 97, 96, 39, 55, 53, 31, 10, 36, 97]
[71, 111, 53, 65, 97, 10, 47, 41, 21, 97, 10, 8]
[36, 10, 39, 53, 47, 29, 10]
[39, 53, 47, 36, 97, 55, 71, 53, 65, 47, 10, 53]
[31, 111, 10, 36, 53, 29]
[71, 36, 53, 10, 39, 53, 116, 29]
[53, 39, 10, 36, 53, 10, 75]
[31, 36, 39, 53, 96, 10]
[31, 39, 36, 97, 53, 71, 55, 71, 10, 97, 53, 65, 47, 10, 53, 29]
[111, 39, 36]
[31, 36, 10, 39, 53]
[97, 53, 47, 57, 29, 53, 36, 116, 10, 38]
[36, 39, 53, 10]
[50, 39, 53, 10, 36, 29]
[71, 10, 39, 97, 53]
[57, 29, 53, 10, 39, 97, 53, 36, 47, 53, 10]
[36, 29, 53, 10]
[36, 10, 111, 29]
[31, 29, 36, 71, 53, 10]
[36, 39, 53, 10]
[53, 36, 97, 111, 10]
[111, 71, 10, 97, 36, 53, 29, 10]
[36, 39, 97, 53, 47, 10]
[97, 53, 47, 53, 29, 10]
[97, 53, 47, 10, 111, 39, 36]
[36, 39, 53, 47, 29, 10]
[97, 53, 47, 10, 111, 39, 36]
[111, 36, 55, 47, 53, 29]
[38, 93, 36, 39, 53, 10, 38, 116, 29, 10, 53]
[36, 10, 111, 29]
[36, 29, 53, 10]
[36, 39, 53, 10, 47, 29, 10]
[111, 29, 10, 31, 36]
[36, 39, 53, 10, 57, 53, 38, 10]
[53, 97, 96, 36, 10, 39, 53, 9, 10, 53]
[36, 111, 71, 97, 47, 53, 10, 30]
[53, 111, 29, 10]
[31, 111, 83, 29, 36, 10, 53]
[36, 29, 39, 53, 10, 53, 96]
[97, 53, 47, 10, 39, 10, 53, 36]
[36, 97, 53, 10, 39, 55, 53, 47]
[36, 111, 57, 29, 97, 10, 77, 10, 29, 105, 53]
[10, 39, 53, 31, 10, 36, 97]
[36, 29, 39, 53, 10, 96]
[111, 57, 97, 53, 29, 10, 36]
[105, 39, 53, 97, 10]
[97, 53, 47, 10, 29, 53, 36]
[116, 38, 29]
[86, 10, 40, 91, 97, 39, 55, 38, 53, 10, 29, 115, 97, 10]
[91, 29, 86, 10, 40, 59, 21, 110, 97, 38, 53, 115, 29]
[39, 55, 53, 91, 29, 110, 38, 97, 10, 115, 21, 117, 29, 26]
[38, 91, 53, 10, 96, 93, 36, 39, 53, 116, 10, 91]
[59, 110, 53, 86, 10, 40, 30]
[]
[36, 39, 53, 86, 10, 40, 111, 91, 57, 29, 10, 115, 21]
[91, 97, 71, 10]
[36, 39, 53, 86, 10, 40, 29, 55, 91, 57, 29, 10]
[39, 59, 53, 10]
[38, 10, 91, 97]
[91, 97, 86, 10, 21, 38, 29, 55]
[86, 97, 105, 96, 38, 53, 10, 29, 115, 55, 97, 21, 110, 53, 55, 53, 91, 21, 29]
[38, 53, 86, 10, 40, 55, 97, 53, 116, 10, 97]
[91, 97, 96, 53, 38, 10, 21, 29]
[91, 70, 86, 10, 36, 97, 38, 53, 10, 116, 97]
[96, 38, 10, 21, 53, 36, 97, 53]
[111, 70, 86, 10, 96, 91, 40, 38, 90, 53, 10, 39, 97, 55, 53]
[71, 55, 97, 21, 55, 97, 10]
[70, 10, 59, 110, 97, 117, 53, 96, 105, 96, 91, 29, 115, 55, 38, 90, 53, 117, 29, 96, 117, 39, 38, 10, 110, 53, 57, 10, 90, 97, 8]
[86, 53, 36, 97, 38, 10, 59, 53, 97, 115, 21]
[36, 53, 10, 39, 53, 86, 10, 40, 111, 38, 91, 10, 57, 29, 53, 10, 115, 21]
[10, 36, 97, 53, 39, 53]
[47, 53, 10, 21]
[29, 53, 86, 10, 40, 91, 97]
[91, 86, 10, 40, 117, 59, 110, 53, 21, 116, 29, 57, 53, 39, 10, 8]
[29, 91, 86, 97, 40, 10, 26, 115, 59, 91, 29]
[86, 10, 40, 53, 21, 59, 110, 53, 91, 116, 29]
[53]
[91, 10, 38, 36]
[91, 70, 86, 10, 40, 59, 110, 53, 96, 117, 116, 29]
[96, 39, 97, 55, 53, 21, 83, 38, 97, 116, 10, 110]
[97, 55, 53, 91, 38, 97, 10, 115, 21, 117, 29, 26]
[86, 10, 36, 97, 38, 111, 10, 53, 21, 26, 115, 29]
[91, 29, 86, 10, 40, 26, 53, 38, 97, 115, 21]
[110, 111, 53, 91, 29, 55, 10, 29]
[70, 38, 10, 39, 97, 53, 91, 96, 47, 10, 29, 21, 53, 10]
[38, 53, 91, 97, 10, 115, 21]
[59, 53, 10]
[91, 70, 86, 10, 40, 59, 110, 53, 96, 29]
[71, 29, 97, 21, 53, 10]
[38, 29, 70, 86, 10, 96, 41, 21, 53, 93, 10]
[70, 53, 97, 96, 117, 91, 111, 38, 55, 105, 96, 53, 10, 21, 29]
[38, 10, 91, 97]
[38, 53, 70, 10, 105, 96, 36, 97, 53, 30]
[10, 102, 53, 91, 90, 38, 10, 97, 116, 29]
[38, 53, 97, 36, 53, 10, 39, 53, 41, 53, 96, 93, 36, 53, 10, 39, 53, 41, 53, 116, 10, 91]
[10, 110, 91, 29, 38, 90, 53, 97, 96, 111, 10, 39, 97, 55, 53, 115, 21, 26]
[38, 29, 86, 10, 59, 110, 97, 115, 36, 53, 29, 10]
[55, 53, 71, 97, 41, 111, 77, 36, 10, 39, 53, 41, 57, 26, 47, 77, 10, 8]
[71, 111, 36, 53, 10, 39, 41, 53, 10, 57, 26, 21, 47, 10, 29]
[97, 111, 46, 41, 102, 53, 40, 71, 46, 61, 10, 97]
[111, 71, 39, 41, 53, 21, 10, 102, 53, 40]
[111, 71, 39, 41, 53, 21, 10, 102, 53, 40, 46]
[71, 111, 36, 39, 41, 53, 10, 57, 47, 65, 61, 97, 10, 26, 21, 41, 53]
[111, 36, 55, 53, 97, 77, 39, 41, 71, 53, 10, 46, 53, 47, 10]
[111, 71, 39, 53, 21, 10, 102, 53, 40, 46]
[71, 61, 97, 10, 47, 41, 111, 55, 53, 71, 10, 47, 41, 111, 26, 23, 102, 24, 40, 10, 21, 29]
[103, 97, 53, 36, 41, 97, 53, 41, 47, 71, 77, 10, 29, 53, 26, 41]
[71, 102, 29, 40, 39, 53, 10]
[111, 53, 36, 39, 41, 53, 41, 47, 10, 29]
[71, 111, 53, 41, 57, 47, 10, 21, 29, 102, 53, 40]
[36, 111, 1, 53, 71, 41, 111, 36, 39, 41, 53, 55, 97, 41, 57, 47, 53, 47, 10, 26, 8, 53]
[111, 55, 53, 71, 61, 97, 41, 53, 46, 10, 23, 102, 24, 40]
[71, 41, 111, 46, 10, 53, 21, 41, 102, 29, 40, 23, 24]
[111, 71, 36, 53, 10, 39, 53, 41, 57, 47, 21, 53, 10, 26]
[41, 102, 36, 111, 1, 46, 39]
[111, 41, 71, 10, 102, 53, 40]
[111, 71, 39, 41, 53, 21, 10, 102, 53, 40]
[111, 39, 46, 10, 41, 102, 53, 40, 71, 46, 61, 10, 97]
[53, 71, 41, 111, 36, 39, 53, 41, 57, 47, 61, 10, 26, 21, 10, 53]
[111, 71, 39, 41, 53, 21, 10, 102, 53, 40]
[53, 71, 111, 46, 10, 53, 21, 41, 102, 29, 26, 23, 24, 40]
[71, 111, 55, 53, 41, 102, 53, 40, 10, 21, 29]
[53, 111, 41, 71, 53, 39, 47, 10, 102, 53, 40, 21, 29]
[71, 102, 29, 40, 39, 53, 10]
[71, 97, 111, 36, 39, 41, 53, 10, 57, 47, 41, 39, 26, 1, 10]
[41, 71, 111, 39, 36, 46, 53, 29, 21, 47, 10, 29, 36, 53, 10, 39, 53, 41, 53, 97, 41, 10, 41, 39, 26]
[71, 61, 111, 36, 53, 10, 39, 53, 36, 61, 1, 47, 57, 47, 65, 61, 21, 53, 97, 10, 26, 59, 53, 29, 21, 47, 10, 29, 41, 53]
[36, 111, 41, 55, 53, 71, 97, 10, 41, 111, 57, 65, 61, 53, 29, 47, 10, 26, 36, 39, 41, 21, 53, 29]
[111, 36, 46, 55, 53, 71, 97, 41, 65, 47, 10, 111, 53, 41, 39, 97, 21, 41, 36, 10, 57, 53, 26, 21, 47, 10, 29]
[53, 111, 41, 71, 53, 47, 10, 102, 53, 46, 40, 21, 29]
[111, 71, 39, 41, 10, 102, 53, 40]
[71, 29, 111, 10, 102, 53, 40]
[71, 102, 29, 40, 39, 53, 10]
[111, 39, 41, 71, 53, 47, 10, 102, 53, 46, 40, 21, 29]
[53, 111, 46, 41, 102, 53, 71, 40, 61, 39, 46, 10]
[71, 111, 46, 10, 53, 21, 41, 102, 29, 40, 23, 24]
[71, 111, 55, 53, 97, 41, 57, 47, 10, 21, 102, 53, 40]
[71, 111, 46, 10, 53, 21, 41, 102, 29, 40, 23, 24]
[53, 71, 111, 53, 47, 41, 102, 53, 40, 10, 21, 29]
[111, 41, 53, 36, 39, 41, 71, 39, 26, 53, 21, 47, 10, 29, 46, 10]
[36, 111, 46, 55, 53, 71, 10, 47, 41, 111, 77, 39, 36, 53, 53, 41, 57, 26, 8]
[53, 111, 41, 71, 53, 39, 47, 10, 102, 53, 40, 21, 29]
[71, 61, 111, 36, 39, 53, 41, 53, 36, 61, 1, 47, 10, 26, 57, 47, 65, 61, 21, 53, 97, 10, 26, 59, 53, 29, 21, 47, 10, 29, 41, 53]
[36, 53, 53, 111, 39, 36, 46, 55, 53, 71, 10, 47, 41, 111, 55, 53, 71, 61, 97, 10, 47, 41, 111, 53, 65, 47, 10, 111, 53, 10, 26, 36, 111, 41, 1, 46]
[111, 71, 39, 41, 53, 21, 10, 102, 53, 40, 46]
[111, 41, 53, 71, 61, 97, 10, 102, 53, 40, 46, 26, 23, 24, 40]
[111, 41, 71, 53, 36, 10, 39, 53, 41, 57, 65, 97, 53, 47, 21, 53, 10, 26]
[97, 53, 10]
[53, 10]
[57, 10, 53]
[57, 53, 10]
[53, 10, 26]
[53, 78, 10, 53]
[53, 10]
[39, 53, 10]
[57, 39, 10, 53]
[111, 55, 53, 10, 57, 26]
[57, 39, 53, 10]
[53, 10]
[57, 53, 10]
[57, 39, 53, 10]
[53, 10]
[53, 10]
[39, 53, 10]
[53, 10]
[53, 10]
[39, 53, 10]
[53, 29, 10]
[53, 10, 26]
[39, 10, 53]
[53, 10, 26]
[57, 53, 10]
[57, 53, 10]
[53, 10, 97]
[39, 41, 53, 57, 53, 10]
[97, 53, 10]
[53, 10, 26]
[53, 10]
[57, 53, 10]
[57, 39, 53, 10]
[57, 53, 10]
[111, 55, 57, 10, 53]
[53, 10, 57, 53]
[57, 53, 10]
[53, 10, 26]
[111, 55, 57, 29, 10]
[53, 10]
[53, 10]
[53, 10]
[53, 10]
[53, 97, 10, 26]
[39, 10, 53]
[53, 10]
[53, 10, 26]
[53, 10]
[53, 10]
[53, 10, 26]
