[57, 29, 10, 53]
[111, 10]
[39, 53, 10]
[111]
[111, 10]
[39, 53, 10]
[97, 10, 53, 39, 10, 97, 21, 53, 10]
[111]
[111]
[39, 53, 10]
[111]
[111]
[53, 111, 29]
[111, 53, 55, 97, 10]
[111]
[111]
[111, 122, 10]
[111, 55, 10, 29, 53]
[111]
[39, 53, 10]
[111]
[39, 53, 10]
[111, 10]
[111, 29, 53, 10]
[111, 97, 10]
[38, 111, 53, 10]
[10, 53]
[111]
[111]
[39, 53, 10]
[111]
[29, 111]
[111]
[29, 111, 71, 72]
[111]
[10, 111, 29]
[111, 10]
[111, 71, 10, 21, 29]
[111, 53, 10, 57, 29, 53, 10]
[111, 10]
[111]
[10, 111, 29]
[39, 53]
[39, 53, 10]
[111, 57, 29, 10, 53]
[53, 111, 29]
[39, 53, 10]
[111]
[111]
[111]
[38, 97, 53, 10, 96]
[59, 53, 110, 29]
[29, 10, 117, 53, 105, 96, 53]
[]
[38, 97, 110, 10, 59, 53]
[38, 53, 10, 38, 21, 53, 29]
[10, 53, 21, 29, 105, 53]
[38, 97, 53, 10, 96]
[10, 29, 38]
[38, 10, 53, 10, 39]
[]
[]
[97, 70, 29, 38, 29, 10, 117, 53, 105, 96, 53, 29]
[117, 53, 96, 10, 21, 29]
[38, 53, 10, 38, 21, 53, 29]
[10, 97, 38, 59, 53, 29]
[10, 38, 59, 29, 110, 53]
[38, 10, 59, 53]
[]
[53, 29, 21, 47, 10, 29]
[38, 53, 10, 38, 21, 53, 29]
[29, 53, 59, 21, 110, 53, 97, 10, 110, 53]
[29, 10, 117, 105, 96, 53]
[]
[59, 53, 10, 38, 110, 21, 29]
[10, 29, 96]
[59, 53, 10, 38, 110, 21, 29]
[38, 10, 59, 38, 110, 53, 39]
[53, 21, 29, 105, 53]
[59, 38, 110, 53, 97, 10]
[38, 59, 53, 10, 38, 110, 21, 29]
[38, 29, 10, 105, 96, 53, 29]
[53, 29, 10, 53]
[29, 10, 117, 105, 96, 53]
[59, 53]
[10, 29, 96]
[116, 10, 38, 29]
[39, 59, 10, 110, 53, 29, 38]
[10, 53, 29, 110, 96, 53]
[39, 59, 10, 110, 53, 29, 38]
[10, 53, 21, 29, 105, 53]
[38, 53, 10, 21, 53, 29]
[53, 38, 10, 29]
[38, 59, 53, 10, 38, 110, 21, 29]
[10, 97, 38, 110, 59, 53, 29]
[53, 29, 21, 47, 10, 29]
[53, 29, 10, 53]
[59, 21, 10, 53]
[29, 53, 59, 21, 110, 53, 97, 10, 110, 53]
[59, 53, 10, 38, 110, 21, 29]
[29, 111]
[29, 111]
[111, 29]
[29, 111]
[39, 111, 10]
[111, 29]
[29, 111]
[53, 111, 29, 10]
[29, 111, 24]
[39, 111, 10]
[10, 111, 29]
[29, 111]
[26, 111]
[29, 111, 10, 29]
[39, 53]
[29, 111]
[97, 53, 116, 29]
[29, 111, 24]
[53, 111]
[39, 111, 10]
[39, 53, 10]
[29, 111]
[39, 53, 10]
[111, 97, 10]
[53, 111, 10]
[111, 29]
[53, 111]
[111, 29]
[29, 111, 38]
[111, 10]
[111, 116, 29]
[111, 29]
[39, 53, 10]
[29, 111]
[29, 111, 24]
[39, 53, 10]
[29, 111, 26]
[53, 111, 38, 29, 10]
[29, 111]
[29, 53, 116, 29]
[39, 111, 10]
[111]
[39, 111, 10]
[39, 111, 10]
[111, 29]
[53, 111, 29, 10]
[29, 111]
[29, 111]
[111, 29]
[29, 111]
[]
[]
[]
[46, 2]
[46]
[]
[29]
[46, 91]
[26, 53, 41, 10]
[]
[]
[]
[46]
[46]
[2]
[]
[46, 2]
[]
[46]
[]
[]
[]
[117, 116, 29]
[53, 10]
[70, 110, 38, 53, 10]
[46]
[46, 2]
[]
[]
[2]
[46]
[]
[2]
[2]
[]
[]
[]
[40]
[46]
[]
[]
[91]
[]
[]
[]
[2]
[2]
[]
[]
[41, 91, 91, 2]
[]
[46, 2]
[2, 46, 23, 91]
[]
[2, 91, 46]
[46]
[]
[2]
[2, 91, 46]
[46, 91]
[2]
[46]
[46, 2]
[2, 91, 46]
[]
[46, 2]
[2]
[46, 2]
[41, 2]
[2, 91, 46]
[]
[91]
[46, 2]
[]
[]
[2]
[2, 46, 23, 91]
[2, 46, 23, 91]
[2, 91, 46]
[46, 91]
[2]
[91, 46]
[]
[2]
[2, 91, 46]
[2]
[46]
[46, 23, 91]
[]
[46, 2]
[91]
[]
[46, 2]
[2, 91, 46]
[2]
[]
[91]
[]
[70, 10, 97, 53, 55, 96, 21]
[38, 10, 97, 83]
[10, 105, 96, 53, 29]
[10, 59, 29, 110, 53]
[10]
[38, 10, 59, 110, 53, 97, 97, 96, 10]
[70, 39, 59, 117, 10, 110, 96, 53, 29]
[86, 10, 91, 40, 38, 115, 29, 10]
[111, 70, 86, 97, 96, 91, 38, 53, 10, 29, 97]
[59, 53]
[53, 116, 10, 97, 53]
[86, 29, 91, 110, 10, 53, 38, 40, 29]
[]
[29, 90, 38, 10, 53, 83]
[]
[53, 65, 47, 10, 29]
[38, 10, 59, 38, 110, 53, 97, 97, 96, 10, 33, 39]
[86, 10, 40, 59, 110, 53]
[]
[96, 29, 38, 116, 10, 53]
[21]
[91, 86, 10, 29, 40, 97, 115, 29]
[53, 83, 59, 29, 53, 105, 29]
[91, 29, 86, 38, 97, 10, 40, 117, 29]
[]
[29, 9, 10]
[]
[9, 10]
[39, 59, 97, 10, 110, 53]
[59, 29, 53]
[10, 29]
[39, 59, 97, 10, 110, 53]
[86, 10, 91, 40, 90, 53]
[91, 38, 93, 86, 53, 40, 10, 21]
[86, 53, 29, 10, 91]
[86, 10, 38, 40, 59, 110, 96, 53, 29]
[]
[86, 97, 40, 10, 59, 91]
[10, 83, 53, 59, 21, 110, 97, 10, 110, 53]
[]
[91, 83, 53, 38, 97, 90, 55, 29, 26, 10]
[96, 97, 38, 83, 116, 10, 55, 53]
[39, 59, 10, 90, 29]
[10, 91, 59, 53, 29]
[86, 10, 40]
[96, 53, 39, 10, 97]
[91, 86, 97, 40, 10, 21, 53]
[86, 10, 116, 97, 40, 10, 53, 29]
[86, 29, 91, 53, 38, 21, 29, 10, 40]
[31, 111, 36, 53, 29, 10]
[111, 53, 36, 39, 71, 10]
[29, 111, 53, 10, 36, 96]
[53, 97, 96, 10, 39, 97, 55, 53]
[36, 38, 111, 10, 53, 29]
[111, 29, 10, 96, 36]
[111, 53, 38, 29, 36, 10]
[31, 111, 10, 36, 53, 29]
[111, 53, 10, 36, 71, 29, 10]
[53, 111, 39, 36, 10]
[31, 111, 39, 40, 10]
[53, 36, 71, 39, 10, 53, 65, 47, 10, 53]
[29, 111, 36]
[31, 111, 39, 36, 10, 38]
[111, 39, 38, 36, 10, 53, 116, 29, 38]
[31, 111, 36, 39, 10]
[111, 50, 53, 29, 36, 10]
[111, 53, 71, 29, 10]
[39, 97, 53, 29, 10]
[29, 53, 10, 36]
[111, 29, 10, 36]
[31, 111, 36, 39, 10]
[29, 111, 53, 10, 36]
[111, 53, 10, 36, 29]
[111, 71, 10, 97, 36, 53, 29, 10]
[39, 36, 97, 53, 47, 10]
[36, 38, 111, 10, 53, 29]
[111, 29, 10, 36]
[29, 111, 53, 10, 36]
[111, 36, 55, 47, 29]
[111, 36, 55, 47, 53, 29]
[111, 39, 36, 10, 53, 116, 29, 38, 93]
[111, 29, 10, 36]
[111, 29, 10, 36]
[111, 53, 10, 36, 29]
[29, 111, 31, 10, 36]
[39, 111, 36, 97, 10, 38, 10]
[29, 111, 53, 10, 36, 96]
[53, 111, 41, 71, 47, 10, 102, 53, 46, 40, 21, 29]
[53, 111, 29, 10]
[31, 111, 83, 29, 36, 10, 53]
[29, 111, 53, 10, 96, 53]
[36, 39, 53, 10, 39, 10, 53]
[39, 10, 53, 36, 29, 10]
[36, 39, 77, 39, 10, 53]
[39, 31, 53, 36, 10, 53, 29]
[111, 39, 10, 53, 96, 36]
[111, 53, 10, 36, 29]
[29, 111, 53, 10, 36]
[29, 111, 10, 53, 29, 36]
[116, 29, 38]
[10, 91, 86, 97, 53, 29, 38, 40, 97, 55, 10, 29]
[91, 86, 10, 29, 40, 38, 97, 53, 115, 21]
[91, 53, 29, 55, 38, 110, 97, 29, 10, 115, 21, 26]
[91, 96, 38, 39, 97, 116, 10, 29, 93]
[86, 10, 40, 59, 110, 53, 29]
[]
[86, 10, 36, 53, 111, 115, 29]
[10, 91]
[86, 53, 29, 40, 97, 10, 91]
[39, 59, 53, 10]
[97, 91, 38, 10, 29]
[86, 10, 97, 91, 29, 55, 21, 38]
[96, 29, 97, 38, 86, 53, 21, 10, 53, 91, 29, 55, 91, 40, 96]
[86, 97, 53, 38, 40, 55, 10, 29]
[91, 97, 96, 53, 38, 10, 21, 29]
[70, 91, 86, 53, 38, 116, 29, 10, 36, 97, 53]
[53, 38, 29, 10, 36, 96, 53, 29]
[111, 70, 86, 10, 96, 91, 40, 38, 90, 53, 10, 39, 97, 55, 53]
[55, 97, 29, 10, 21]
[70, 10, 59, 53, 117, 29, 53, 96, 38, 91, 90, 97, 117, 10, 110, 53, 90, 96, 53, 29, 38]
[86, 10, 38, 36, 97, 53, 10, 111, 115, 29, 21]
[91, 38, 29, 53, 10, 115, 97, 21]
[39, 10, 36, 53, 111, 29]
[47, 10, 53, 21]
[86, 53, 29, 40, 97, 10, 91]
[86, 53, 40, 10, 21, 59, 53, 29, 110, 91, 53, 116, 29]
[29, 91, 86, 97, 40, 10, 26, 115, 59, 91, 29]
[91, 86, 53, 40, 10, 21, 59, 110, 91, 53, 116, 29]
[53]
[91, 10, 36, 38]
[86, 10, 91, 40, 59, 110, 96, 53, 29]
[96, 110, 83, 38, 53, 39, 55, 10, 97, 97]
[91, 38, 97, 10, 115, 21, 53]
[86, 10, 36, 97, 38, 111, 10, 53, 21, 26, 115, 29]
[91, 86, 10, 29, 40, 26, 38, 97, 53, 115, 29, 21, 10]
[91, 110, 111, 53, 29, 55, 10, 29]
[70, 96, 91, 38, 53, 10, 39, 97, 55, 53]
[91, 38, 97, 53, 10, 115, 29, 21]
[10, 59, 53]
[86, 10, 91, 40, 59, 110, 96, 53, 29]
[21, 97, 29, 10]
[70, 86, 10, 96, 40, 38, 10, 97, 53]
[96, 117, 91, 53, 96, 97, 111, 38, 29, 55, 10, 21, 29]
[97, 91, 38, 10, 29]
[97, 70, 53, 38, 10, 36, 105, 96, 53, 29]
[91, 10, 90, 97, 38, 53, 10, 29]
[91, 53, 97, 26, 38, 29, 10, 115, 21]
[29, 91, 110, 10, 96, 90, 97, 38, 53, 26, 21, 10, 111, 29, 53]
[86, 10, 38, 29, 97, 53, 40, 10, 115, 29]
[103, 97, 53, 36, 41, 97, 41, 10, 53, 71, 61, 77, 10, 29, 53, 26, 26, 57, 41]
[111, 53, 39, 36, 41, 39, 10, 71, 53, 47, 10, 26, 29, 21, 29, 115, 55]
[97, 111, 46, 41, 102, 53, 40, 71, 46, 61, 10, 97]
[111, 46, 41, 71, 53, 10, 102, 53, 46, 40, 21, 29]
[111, 41, 102, 53, 71, 40, 61, 39, 10, 46]
[111, 97, 53, 46, 47, 10, 36, 97, 41, 53, 26, 71, 55, 57, 47, 65, 61]
[97, 111, 36, 53, 10, 39, 53, 41, 53, 61, 77, 39, 10, 53, 41, 46]
[53, 111, 41, 71, 47, 10, 102, 53, 40, 21, 29]
[53, 111, 39, 41, 71, 53, 47, 10, 102, 53, 40, 21, 29]
[103, 97, 53, 36, 41, 97, 53, 41, 47, 71, 77, 10, 29, 53, 26, 41]
[53, 111, 71, 10, 102, 29, 40]
[53, 111, 39, 36, 46, 53, 10, 41, 29, 61, 10]
[53, 111, 41, 71, 47, 10, 102, 53, 40, 21, 29]
[53, 111, 46, 41, 36, 53, 10, 97, 55, 53, 71, 61, 97, 10, 47, 41, 111, 53, 61, 10, 8, 53]
[53, 111, 39, 46, 41, 71, 53, 47, 10, 102, 53, 46, 40, 21, 29]
[53, 111, 41, 71, 10, 102, 53, 46, 40, 21, 29]
[111, 97, 53, 47, 36, 97, 10, 41, 53, 26, 71, 57, 61]
[36, 111, 41, 1, 46, 61, 10]
[53, 111, 46, 10, 71, 102, 29, 40]
[111, 41, 71, 53, 10, 102, 53, 40, 21, 29]
[111, 39, 46, 10, 41, 102, 53, 40, 71, 46, 61, 10, 97]
[111, 97, 53, 36, 47, 10, 41, 53, 71, 29, 10, 26, 53]
[53, 111, 41, 71, 53, 10, 102, 53, 46, 40, 21, 29]
[97, 111, 53, 36, 41, 71, 39, 26, 61, 53, 65, 10, 21, 29]
[53, 111, 46, 41, 71, 53, 10, 102, 53, 40, 21, 29]
[53, 111, 41, 71, 53, 39, 47, 10, 102, 53, 40, 21, 29]
[53, 111, 46, 10, 71, 102, 29, 40]
[103, 53, 10, 46, 36, 97, 53, 61, 71, 10, 26, 29, 47, 53, 10]
[111, 53, 36, 41, 53, 10, 71, 53, 47, 10, 26, 29, 21, 29]
[111, 53, 55, 111, 36, 97, 53, 10, 41, 53, 71, 97, 8, 47, 10, 26, 29]
[53, 111, 55, 97, 53, 36, 61, 1, 97, 10, 41, 39, 26, 71, 10, 5, 97, 21, 53, 47, 10, 36, 29]
[97, 111, 53, 36, 10, 1, 41, 71, 39, 53, 10, 53, 65, 47, 10, 111, 26, 53, 21, 29]
[53, 111, 41, 71, 53, 47, 10, 102, 53, 46, 40, 21, 29]
[53, 111, 71, 39, 10, 41, 102, 29, 40]
[53, 111, 71, 10, 102, 29, 40]
[53, 111, 71, 10, 102, 29, 40]
[111, 39, 41, 71, 53, 47, 10, 102, 53, 46, 40, 21, 29]
[53, 111, 46, 41, 102, 53, 71, 40, 61, 39, 46, 10]
[53, 111, 41, 71, 53, 10, 102, 53, 40, 21, 29]
[111, 41, 71, 53, 47, 10, 102, 53, 40, 21, 29]
[53, 111, 46, 41, 71, 53, 10, 102, 53, 40, 21, 29]
[53, 111, 41, 71, 47, 10, 102, 53, 46, 40, 21, 29]
[111, 36, 46, 10, 53, 47, 46, 29, 41, 71, 53, 26, 97, 41, 10, 53]
[111, 53, 39, 46, 53, 36, 1, 53, 29, 71, 55, 47, 53, 26, 10, 41, 103, 53, 29]
[53, 111, 41, 71, 53, 39, 47, 10, 102, 53, 40, 21, 29]
[53, 111, 55, 97, 36, 1, 97, 10, 41, 53, 26, 71, 10, 97, 21, 53, 47, 10, 36, 29]
[111, 55, 53, 36, 10, 41, 39, 26, 71, 10, 5, 97, 21, 53, 47, 10, 36, 29]
[53, 111, 41, 71, 53, 10, 102, 53, 40, 21, 29]
[53, 111, 46, 10, 71, 61, 46, 46, 10, 26, 23, 102, 24, 40, 29, 46, 46]
[97, 111, 53, 36, 1, 41, 71, 39, 10, 53, 65, 47, 10, 111, 26, 53, 21, 29]
[97, 53, 10]
[53, 10]
[55, 53, 97, 10]
[53, 97, 10]
[53, 10, 26]
[53, 78, 10, 29]
[53, 10]
[53, 29, 10]
[57, 29, 10, 53]
[111, 53, 46, 10, 57, 26]
[53, 10, 57, 26]
[53, 10]
[111, 97, 10]
[57, 29, 10, 53]
[53, 10]
[53, 10]
[10, 53, 10]
[53, 10]
[53, 10]
[39, 53, 10]
[53, 29, 10]
[10, 53, 10]
[55, 53, 10]
[53, 10, 26]
[53, 57, 10]
[57, 10, 53]
[46, 53, 97]
[53, 10, 57, 53, 10]
[97, 53, 10]
[10, 53, 10]
[53, 10]
[53, 97, 10]
[111, 57, 29, 1, 10]
[53, 57, 10]
[53, 10, 111, 55, 57, 29, 26]
[53, 10, 57, 26]
[53, 10, 57, 26]
[10, 53, 10]
[53, 46, 10, 57, 26]
[53, 10]
[53, 10]
[53, 10]
[53, 10]
[55, 53, 97, 10]
[111, 53, 10, 53]
[53, 10]
[10, 53, 10]
[53, 10]
[53, 10]
[10, 53, 10]
