[72, 110, 80, 53, 0, 38, 70, 43, 82, 51, 78, 22, 62, 89, 60, 81, 98, 47, 22, 25, 113, 84, 26, 69, 51, 54, 39, 38, 110, 16, 62, 115, 87, 113, 110, 109, 55, 11, 53, 102, 10, 31, 109, 11, 15]
[39, 111, 19, 49, 62, 8, 29, 105, 76, 108, 71, 11, 36, 95, 10, 53, 47, 86, 62, 41, 42, 1, 71, 84, 97, 94, 55, 6, 6, 96, 54, 10, 35, 46, 82, 36, 55, 4, 53, 104, 108, 14, 111, 86, 34]
[103, 108, 82, 31, 101, 121, 101, 121, 16, 78, 38, 26, 36, 118, 33, 107, 110, 77, 24, 18, 17, 105, 16, 56, 82, 47, 64, 26, 65, 56, 12, 64, 0, 8, 42, 50, 94, 7, 34, 13, 19, 46, 14, 52, 96]
[80, 115, 67, 114, 50, 96, 114, 103, 3, 105, 88, 57, 64, 78, 13, 87, 4, 31, 97, 119, 65, 49, 14, 21, 80, 84, 57, 50, 8, 72, 3, 97, 1, 53, 44, 12, 81, 118, 29, 87, 21, 10, 89, 107, 112]
[87, 87, 94, 49, 20, 19, 64, 73, 67, 44, 117, 29, 119, 27, 3, 54, 34, 77, 47, 82, 48, 52, 115, 86, 97, 103, 22, 71, 74, 23, 52, 11, 95, 108, 58, 38, 63, 19, 45, 78, 66, 98, 90, 113, 2]
[11, 32, 34, 66, 3, 19, 101, 81, 2, 110, 123, 2, 37, 118, 33, 86, 54, 114, 50, 53, 32, 74, 60, 80, 85, 80, 70, 72, 74, 0, 24, 50, 100, 89, 66, 71, 25, 46, 94, 33, 2, 2, 32, 19, 95]
[51, 26, 63, 45, 71, 50, 58, 95, 58, 107, 35, 107, 79, 120, 96, 99, 106, 42, 116, 110, 28, 2, 100, 38, 5, 8, 118, 34, 35, 123, 16, 29, 15, 113, 95, 48, 14, 72, 88, 122, 19, 67, 29, 120, 34]
[118, 2, 115, 69, 122, 81, 19, 10, 91, 65, 44, 40, 113, 49, 20, 1, 10, 107, 83, 78, 101, 1, 84, 56, 64, 46, 96, 62, 69, 22, 79, 6, 121, 85, 64, 28, 48, 93, 1, 4, 51, 48, 78, 57, 106]
[10, 112, 47, 79, 119, 8, 2, 59, 39, 28, 53, 38, 58, 69, 23, 93, 94, 110, 109, 92, 3, 36, 49, 33, 37, 105, 71, 4, 106, 10, 53, 78, 110, 122, 53, 29, 31, 12, 20, 101, 110, 113, 43, 101, 10]
[93, 80, 113, 57, 104, 71, 75, 83, 89, 80, 16, 61, 71, 4, 2, 2, 73, 90, 26, 49, 57, 95, 76, 12, 46, 9, 86, 106, 105, 90, 89, 30, 87, 60, 75, 55, 100, 53, 103, 109, 2, 16, 86, 114, 10]
[79, 59, 50, 49, 59, 66, 52, 84, 87, 9, 38, 77, 106, 45, 23, 60, 69, 45, 42, 10, 13, 34, 10, 35, 51, 15, 55, 15, 120, 96, 66, 35, 22, 53, 42, 58, 45, 8, 5, 105, 102, 35, 86, 39, 10]
[85, 111, 69, 39, 100, 53, 23, 72, 71, 120, 93, 73, 40, 96, 102, 34, 30, 66, 51, 87, 71, 115, 122, 37, 119, 23, 10, 39, 61, 42, 10, 45, 88, 89, 81, 88, 112, 5, 21, 33, 56, 38, 2, 41, 53]
[91, 41, 7, 57, 35, 37, 44, 83, 54, 1, 38, 46, 68, 92, 2, 7, 60, 121, 83, 92, 7, 46, 97, 18, 41, 113, 123, 60, 119, 119, 123, 15, 21, 24, 101, 0, 23, 50, 120, 111, 10, 60, 38, 11, 19]
[91, 22, 104, 58, 83, 40, 75, 9, 68, 96, 76, 72, 53, 97, 66, 80, 48, 15, 57, 84, 103, 71, 101, 123, 73, 30, 80, 58, 16, 46, 116, 87, 84, 94, 109, 11, 0, 32, 73, 10, 32, 105, 54, 36, 26]
[19, 19, 102, 77, 67, 0, 58, 103, 10, 18, 71, 107, 69, 57, 29, 105, 123, 64, 53, 92, 11, 21, 24, 61, 70, 45, 33, 87, 89, 89, 105, 76, 41, 62, 108, 54, 0, 53, 112, 59, 48, 19, 23, 39, 119]
[20, 37, 59, 81, 57, 11, 10, 39, 75, 77, 30, 40, 79, 47, 50, 2, 46, 50, 30, 39, 63, 83, 4, 81, 15, 17, 19, 107, 52, 72, 1, 9, 117, 41, 36, 0, 56, 53, 64, 3, 89, 113, 29, 39, 66]
[21, 107, 20, 99, 44, 118, 78, 72, 60, 13, 85, 99, 70, 59, 0, 44, 53, 109, 98, 41, 100, 97, 10, 7, 83, 46, 72, 110, 49, 50, 18, 74, 79, 41, 29, 34, 40, 85, 26, 66, 52, 62, 11, 90, 88]
[65, 120, 70, 12, 44, 6, 2, 93, 35, 13, 121, 72, 38, 88, 18, 73, 34, 6, 16, 20, 80, 104, 64, 61, 67, 118, 92, 109, 101, 67, 12, 80, 6, 74, 9, 10, 97, 39, 10, 116, 37, 118, 50, 41, 38]
[30, 103, 62, 97, 17, 9, 57, 87, 116, 63, 9, 17, 108, 79, 88, 112, 14, 1, 63, 60, 10, 62, 112, 61, 83, 44, 115, 11, 54, 63, 99, 29, 113, 59, 10, 60, 7, 103, 28, 53, 45, 121, 29, 120, 30]
[40, 93, 100, 90, 86, 103, 27, 24, 36, 88, 95, 123, 107, 100, 103, 90, 16, 18, 30, 65, 45, 62, 112, 44, 82, 58, 73, 29, 58, 104, 10, 99, 1, 11, 71, 122, 4, 66, 108, 52, 110, 4, 22, 18, 34]
[108, 65, 86, 38, 62, 72, 41, 74, 66, 94, 24, 69, 75, 71, 39, 5, 68, 50, 38, 58, 107, 14, 38, 71, 111, 113, 32, 47, 30, 0, 24, 45, 121, 117, 92, 42, 15, 73, 34, 13, 19, 46, 99, 103, 115]
[81, 107, 16, 107, 59, 102, 45, 90, 3, 29, 41, 25, 122, 52, 76, 98, 33, 66, 55, 72, 48, 20, 121, 34, 38, 114, 36, 100, 109, 41, 24, 105, 15, 50, 122, 79, 53, 111, 67, 55, 10, 39, 52, 13, 116]
[46, 112, 62, 1, 13, 98, 56, 111, 44, 23, 122, 105, 48, 15, 103, 60, 58, 102, 84, 14, 47, 103, 8, 118, 3, 59, 73, 48, 31, 71, 38, 41, 50, 119, 53, 33, 45, 70, 17, 94, 97, 12, 10, 118, 39]
[106, 19, 22, 24, 7, 26, 117, 21, 101, 118, 61, 115, 40, 68, 5, 87, 96, 102, 87, 45, 97, 81, 43, 41, 100, 23, 56, 104, 99, 8, 12, 57, 24, 112, 6, 108, 99, 111, 11, 23, 3, 22, 91, 73, 42]
[102, 70, 71, 57, 103, 29, 13, 101, 95, 49, 72, 97, 58, 43, 68, 41, 14, 103, 121, 2, 76, 22, 82, 73, 85, 33, 39, 43, 10, 96, 49, 84, 37, 89, 100, 31, 82, 25, 71, 53, 46, 63, 119, 26, 10]
[64, 78, 45, 69, 102, 53, 71, 15, 8, 64, 123, 52, 39, 7, 1, 3, 103, 31, 20, 119, 70, 76, 78, 82, 30, 12, 121, 108, 41, 10, 29, 30, 63, 105, 2, 82, 100, 66, 53, 68, 41, 120, 82, 10, 49]
[55, 43, 43, 86, 7, 10, 15, 70, 59, 109, 79, 26, 123, 33, 44, 105, 8, 105, 40, 112, 33, 66, 74, 29, 7, 41, 110, 21, 10, 91, 63, 17, 34, 48, 46, 12, 109, 15, 53, 56, 14, 55, 56, 1, 29]
[30, 98, 32, 86, 53, 4, 39, 54, 117, 120, 35, 66, 3, 33, 61, 58, 41, 13, 20, 10, 32, 50, 70, 39, 38, 22, 91, 114, 34, 123, 3, 80, 118, 104, 70, 116, 10, 49, 96, 55, 7, 4, 21, 39, 12]
[94, 105, 98, 94, 49, 6, 101, 103, 123, 107, 88, 55, 64, 100, 102, 22, 100, 101, 99, 108, 56, 39, 12, 88, 44, 25, 72, 92, 32, 33, 113, 62, 38, 115, 117, 123, 7, 122, 28, 11, 23, 45, 113, 74, 96]
[53, 40, 61, 105, 113, 49, 21, 13, 19, 7, 24, 108, 46, 63, 70, 53, 92, 73, 102, 108, 51, 68, 82, 119, 70, 97, 53, 100, 107, 23, 78, 36, 77, 39, 116, 32, 59, 78, 10, 38, 119, 2, 4, 52, 32]
[97, 91, 89, 97, 88, 86, 82, 62, 41, 8, 108, 96, 45, 93, 34, 27, 10, 3, 118, 34, 56, 13, 79, 116, 109, 121, 41, 9, 55, 69, 103, 104, 71, 108, 25, 122, 55, 50, 116, 37, 1, 23, 48, 71, 8]
[96, 12, 32, 38, 113, 4, 86, 26, 111, 54, 65, 101, 21, 98, 118, 29, 46, 106, 24, 90, 22, 38, 93, 37, 24, 114, 22, 15, 13, 71, 111, 20, 85, 65, 67, 40, 115, 106, 80, 49, 2, 83, 84, 59, 118]
[45, 99, 113, 64, 53, 74, 4, 52, 116, 48, 43, 110, 6, 1, 0, 73, 10, 29, 53, 5, 4, 106, 65, 60, 46, 63, 55, 45, 12, 12, 1, 121, 83, 59, 48, 55, 25, 56, 114, 106, 10, 100, 35, 22, 53]
[96, 28, 3, 106, 16, 108, 22, 90, 75, 94, 28, 110, 77, 38, 93, 28, 66, 49, 25, 78, 48, 109, 31, 119, 68, 23, 97, 56, 108, 112, 77, 39, 17, 121, 109, 2, 15, 10, 35, 56, 46, 13, 61, 47, 54]
[84, 1, 91, 4, 27, 90, 47, 103, 66, 17, 32, 120, 59, 21, 43, 48, 105, 31, 16, 41, 68, 57, 46, 55, 29, 57, 45, 41, 60, 70, 88, 35, 78, 65, 109, 56, 3, 75, 85, 60, 113, 48, 65, 10, 53]
[42, 85, 73, 98, 36, 5, 47, 89, 29, 33, 104, 26, 33, 75, 117, 44, 101, 77, 12, 18, 67, 56, 121, 104, 120, 41, 35, 39, 39, 23, 95, 49, 41, 10, 53, 91, 47, 116, 4, 37, 24, 57, 112, 39, 45]
[96, 12, 101, 21, 113, 4, 86, 26, 14, 54, 73, 61, 81, 54, 96, 116, 68, 106, 24, 69, 22, 38, 93, 58, 24, 114, 22, 15, 13, 51, 111, 20, 85, 65, 67, 40, 54, 106, 80, 49, 83, 83, 64, 59, 118]
[91, 49, 77, 77, 47, 109, 12, 47, 111, 46, 89, 55, 83, 110, 113, 93, 14, 103, 93, 38, 83, 22, 80, 8, 69, 2, 52, 78, 72, 2, 18, 55, 103, 87, 3, 64, 50, 68, 53, 98, 60, 109, 118, 45, 25]
[71, 102, 45, 58, 53, 68, 10, 45, 34, 38, 78, 19, 115, 109, 58, 49, 111, 45, 18, 11, 3, 34, 34, 42, 74, 8, 56, 111, 23, 24, 21, 82, 94, 106, 100, 14, 91, 41, 86, 31, 115, 74, 116, 121, 30]
[0, 4, 35, 26, 49, 90, 41, 42, 82, 120, 112, 48, 62, 24, 92, 66, 86, 47, 41, 47, 79, 5, 41, 48, 113, 80, 31, 107, 117, 106, 85, 91, 110, 29, 36, 32, 97, 3, 102, 78, 30, 25, 66, 102, 52]
[104, 80, 69, 94, 45, 21, 50, 65, 91, 121, 58, 106, 48, 22, 23, 56, 70, 121, 23, 6, 59, 46, 8, 99, 79, 102, 84, 33, 74, 115, 39, 28, 10, 0, 105, 31, 37, 52, 112, 108, 46, 70, 53, 39, 65]
[76, 109, 2, 92, 82, 95, 107, 59, 28, 19, 19, 112, 18, 5, 111, 70, 100, 19, 34, 33, 83, 21, 113, 86, 59, 40, 52, 116, 107, 99, 34, 52, 59, 109, 19, 62, 5, 103, 23, 63, 53, 38, 66, 101, 112]
[123, 81, 7, 20, 29, 88, 24, 96, 44, 120, 3, 53, 62, 88, 50, 2, 109, 30, 46, 103, 12, 47, 91, 111, 22, 53, 80, 42, 54, 97, 68, 80, 8, 41, 36, 0, 45, 79, 53, 43, 109, 82, 10, 0, 2]
[16, 30, 6, 21, 44, 9, 11, 96, 54, 76, 65, 32, 88, 90, 18, 119, 102, 75, 49, 26, 62, 103, 71, 20, 29, 106, 69, 45, 59, 46, 99, 33, 21, 43, 41, 49, 10, 55, 116, 53, 35, 23, 21, 29, 53]
[17, 49, 53, 59, 121, 109, 8, 17, 14, 14, 103, 35, 78, 76, 59, 110, 122, 113, 109, 29, 72, 80, 63, 55, 5, 123, 48, 30, 34, 70, 108, 89, 101, 51, 29, 26, 10, 15, 82, 85, 107, 121, 97, 13, 6]
[71, 102, 45, 93, 86, 54, 14, 95, 115, 59, 69, 41, 22, 54, 91, 41, 16, 30, 39, 42, 77, 39, 103, 38, 4, 75, 53, 9, 30, 24, 9, 68, 82, 7, 62, 83, 92, 40, 62, 62, 68, 119, 105, 10, 30]
[71, 99, 60, 102, 21, 36, 90, 55, 85, 47, 114, 39, 116, 3, 79, 103, 36, 79, 102, 71, 86, 81, 67, 106, 47, 4, 42, 110, 36, 58, 61, 35, 84, 100, 77, 53, 48, 54, 61, 51, 21, 10, 114, 107, 3]
[104, 58, 117, 17, 99, 93, 21, 112, 62, 72, 44, 120, 106, 97, 103, 80, 98, 59, 44, 83, 113, 55, 101, 2, 73, 24, 33, 66, 24, 24, 41, 82, 10, 24, 117, 89, 53, 3, 40, 33, 25, 36, 11, 25, 104]
[53, 111, 28, 82, 61, 2, 22, 108, 76, 59, 36, 23, 108, 4, 42, 19, 87, 72, 71, 59, 115, 0, 57, 5, 1, 69, 19, 41, 42, 106, 29, 30, 66, 81, 46, 68, 72, 10, 53, 43, 105, 102, 108, 97, 34]
[55, 53, 81, 12, 45, 111, 15, 114, 11, 113, 77, 6, 31, 47, 65, 99, 12, 114, 13, 118, 52, 23, 30, 24, 120, 70, 90, 96, 121, 36, 58, 84, 3, 6, 110, 117, 106, 65, 108, 101, 116, 80, 97, 10, 112]
[16, 9, 71, 0, 89, 65, 22, 37, 19, 99, 44, 13, 81, 80, 122, 37, 39, 106, 18, 100, 65, 0, 12, 88, 44, 25, 106, 92, 32, 33, 113, 62, 19, 115, 42, 97, 7, 103, 24, 112, 60, 61, 89, 40, 118]
[53, 27, 7, 49, 6, 44, 20, 34, 92, 17, 52, 27, 71, 120, 65, 123, 72, 39, 103, 97, 97, 0, 5, 97, 37, 97, 35, 30, 70, 81, 52, 58, 50, 104, 98, 101, 89, 6, 10, 86, 43, 37, 112, 7, 121]
[97, 22, 5, 95, 46, 49, 83, 47, 8, 109, 120, 95, 71, 2, 21, 82, 2, 78, 56, 61, 73, 16, 116, 77, 51, 23, 60, 30, 33, 16, 90, 47, 95, 99, 51, 58, 40, 29, 13, 95, 99, 94, 52, 12, 92]
[68, 25, 47, 109, 20, 86, 74, 20, 66, 2, 91, 94, 77, 39, 2, 60, 103, 10, 6, 46, 30, 115, 9, 45, 24, 57, 107, 98, 81, 112, 47, 17, 22, 105, 69, 74, 86, 31, 105, 36, 63, 16, 105, 26, 15]
[111, 76, 29, 45, 103, 29, 87, 102, 43, 46, 89, 55, 83, 51, 23, 93, 41, 34, 66, 64, 20, 99, 11, 30, 0, 21, 60, 123, 37, 93, 79, 5, 90, 38, 63, 81, 121, 99, 28, 4, 91, 2, 12, 90, 10]
[77, 122, 102, 70, 14, 61, 13, 83, 23, 7, 77, 72, 21, 92, 35, 26, 105, 102, 6, 26, 16, 7, 85, 90, 36, 65, 62, 93, 104, 78, 123, 50, 53, 91, 31, 64, 38, 9, 61, 38, 29, 108, 78, 29, 10]
[15, 25, 20, 99, 26, 65, 91, 75, 88, 66, 71, 23, 108, 10, 89, 78, 36, 5, 89, 28, 64, 82, 113, 109, 114, 99, 82, 57, 103, 96, 118, 88, 43, 99, 120, 34, 40, 18, 26, 66, 52, 29, 11, 90, 88]
[77, 120, 90, 12, 17, 109, 13, 56, 39, 63, 10, 56, 50, 10, 91, 106, 112, 106, 33, 78, 59, 113, 49, 120, 56, 68, 41, 14, 43, 3, 106, 26, 16, 2, 122, 77, 47, 59, 90, 21, 90, 1, 91, 47, 26]
[5, 33, 38, 123, 10, 115, 53, 90, 100, 41, 121, 115, 30, 81, 59, 110, 53, 106, 98, 11, 90, 85, 86, 19, 79, 86, 65, 17, 76, 94, 93, 10, 36, 5, 117, 97, 123, 29, 55, 29, 20, 42, 52, 98, 10]
[73, 102, 96, 82, 71, 66, 0, 17, 29, 108, 111, 53, 45, 10, 59, 20, 5, 41, 26, 25, 40, 38, 71, 20, 94, 117, 105, 4, 110, 61, 41, 120, 6, 39, 45, 24, 46, 4, 118, 53, 11, 93, 113, 26, 41]
[64, 21, 21, 57, 19, 55, 37, 34, 25, 10, 97, 5, 68, 65, 71, 47, 83, 45, 85, 65, 55, 24, 79, 3, 43, 21, 68, 82, 97, 77, 52, 19, 92, 85, 0, 63, 55, 73, 53, 97, 60, 50, 118, 10, 21]
[45, 32, 25, 38, 8, 123, 118, 69, 102, 103, 88, 53, 48, 99, 29, 102, 8, 28, 5, 10, 49, 66, 23, 90, 35, 25, 78, 122, 119, 115, 40, 111, 71, 118, 12, 54, 23, 64, 25, 10, 84, 114, 39, 53, 0]
[93, 95, 70, 56, 11, 91, 69, 83, 36, 53, 66, 41, 50, 33, 98, 111, 47, 42, 43, 77, 33, 118, 38, 95, 38, 86, 53, 103, 13, 30, 120, 10, 20, 8, 13, 81, 24, 91, 90, 45, 5, 97, 103, 30, 84]
[99, 116, 107, 40, 97, 38, 115, 71, 123, 123, 60, 24, 120, 30, 118, 114, 61, 36, 91, 0, 21, 72, 16, 97, 13, 6, 3, 122, 81, 117, 75, 29, 47, 10, 92, 4, 70, 43, 3, 73, 93, 82, 10, 28, 30]
[43, 80, 23, 59, 29, 84, 58, 111, 20, 97, 117, 100, 65, 71, 3, 81, 6, 115, 29, 96, 43, 19, 116, 5, 111, 15, 98, 8, 65, 104, 6, 97, 41, 95, 17, 26, 63, 54, 42, 10, 92, 8, 53, 82, 90]
[103, 92, 121, 89, 111, 38, 40, 110, 37, 14, 86, 33, 14, 94, 18, 40, 65, 106, 17, 60, 83, 116, 81, 87, 12, 103, 42, 13, 92, 46, 74, 22, 40, 16, 69, 32, 33, 93, 105, 111, 50, 23, 11, 26, 23]
[53, 61, 109, 69, 108, 93, 57, 115, 109, 77, 96, 23, 34, 14, 38, 55, 39, 90, 18, 61, 65, 0, 111, 103, 44, 25, 57, 92, 32, 25, 10, 89, 1, 39, 88, 52, 60, 6, 23, 53, 111, 92, 17, 82, 56]
[48, 102, 5, 109, 115, 15, 44, 111, 88, 111, 34, 70, 19, 58, 30, 28, 88, 111, 6, 9, 52, 103, 91, 95, 29, 14, 49, 49, 106, 33, 33, 15, 56, 73, 69, 55, 11, 57, 50, 111, 10, 9, 94, 99, 71]
[111, 49, 63, 112, 54, 29, 112, 101, 73, 77, 118, 87, 58, 92, 5, 84, 14, 103, 93, 23, 83, 22, 80, 8, 85, 2, 52, 79, 84, 117, 107, 34, 92, 85, 42, 114, 11, 117, 7, 123, 120, 63, 69, 14, 50]
[114, 122, 8, 24, 103, 55, 101, 10, 116, 39, 19, 118, 24, 31, 92, 39, 97, 96, 36, 1, 83, 50, 23, 8, 48, 2, 44, 5, 53, 79, 82, 108, 45, 10, 84, 23, 21, 45, 8, 29, 12, 15, 33, 24, 59]
[55, 79, 43, 12, 26, 74, 104, 49, 32, 111, 29, 4, 90, 105, 90, 97, 79, 33, 13, 107, 52, 48, 88, 0, 48, 15, 9, 81, 116, 9, 109, 79, 53, 6, 106, 117, 10, 49, 108, 10, 84, 27, 39, 108, 19]
[6, 55, 121, 9, 11, 0, 23, 72, 30, 72, 5, 36, 30, 70, 103, 55, 19, 110, 31, 60, 22, 110, 36, 120, 37, 42, 84, 86, 74, 115, 88, 116, 10, 35, 100, 25, 53, 105, 97, 34, 116, 115, 111, 51, 28]
[36, 103, 86, 71, 3, 53, 4, 17, 47, 122, 111, 29, 33, 35, 21, 9, 107, 19, 26, 25, 10, 86, 53, 26, 99, 117, 105, 80, 29, 113, 41, 52, 37, 23, 48, 2, 65, 109, 36, 35, 39, 104, 81, 121, 1]
[24, 30, 53, 100, 2, 104, 43, 111, 20, 82, 83, 33, 48, 33, 31, 44, 84, 42, 13, 36, 111, 15, 83, 61, 28, 55, 81, 122, 41, 32, 5, 104, 57, 110, 97, 48, 116, 118, 62, 116, 22, 98, 60, 10, 13]
[120, 98, 8, 2, 115, 69, 17, 36, 56, 102, 51, 40, 32, 73, 82, 45, 62, 67, 25, 12, 35, 92, 90, 1, 92, 30, 49, 36, 29, 21, 30, 69, 112, 1, 1, 52, 10, 120, 14, 14, 36, 0, 123, 123, 63]
[114, 40, 6, 113, 92, 27, 16, 44, 21, 38, 105, 36, 103, 38, 82, 2, 45, 15, 71, 41, 30, 35, 10, 17, 54, 94, 115, 26, 35, 96, 53, 44, 12, 86, 3, 54, 106, 28, 53, 12, 13, 63, 10, 41, 97]
[60, 8, 23, 116, 71, 37, 26, 50, 102, 94, 44, 53, 85, 29, 41, 12, 103, 46, 8, 76, 108, 0, 93, 39, 22, 105, 56, 15, 53, 108, 91, 33, 121, 91, 121, 12, 101, 109, 33, 95, 82, 10, 55, 2, 39]
[54, 59, 3, 68, 96, 99, 44, 115, 93, 42, 114, 56, 39, 30, 111, 41, 97, 59, 109, 113, 61, 36, 83, 103, 52, 40, 60, 106, 76, 53, 22, 43, 48, 43, 80, 1, 66, 41, 47, 114, 46, 42, 55, 9, 47]
[45, 60, 120, 101, 122, 97, 108, 105, 111, 104, 35, 12, 92, 110, 49, 30, 18, 51, 8, 28, 33, 77, 97, 39, 76, 121, 74, 37, 53, 22, 30, 112, 12, 115, 112, 35, 72, 109, 111, 116, 14, 104, 45, 89, 10]
[77, 96, 107, 93, 61, 73, 41, 40, 44, 53, 54, 3, 71, 73, 64, 12, 97, 24, 19, 98, 116, 90, 43, 10, 7, 12, 102, 53, 34, 101, 99, 120, 11, 2, 38, 72, 87, 0, 65, 76, 123, 44, 1, 11, 55]
[92, 19, 53, 19, 26, 47, 24, 28, 18, 57, 103, 119, 72, 59, 101, 5, 35, 98, 99, 4, 83, 88, 72, 94, 96, 49, 83, 120, 58, 104, 73, 48, 105, 119, 61, 107, 74, 117, 67, 42, 46, 18, 44, 30, 10]
[22, 4, 41, 59, 109, 45, 39, 38, 53, 30, 91, 34, 82, 119, 7, 82, 21, 83, 95, 69, 12, 16, 33, 46, 18, 10, 8, 102, 4, 90, 38, 47, 103, 60, 10, 110, 122, 113, 29, 119, 21, 77, 10, 17, 53]
[118, 72, 39, 38, 13, 90, 44, 113, 115, 2, 59, 79, 79, 3, 74, 19, 26, 34, 80, 27, 87, 3, 123, 41, 24, 22, 25, 60, 120, 122, 90, 74, 60, 71, 12, 10, 115, 76, 91, 59, 93, 111, 93, 4, 59]
[10, 102, 112, 100, 58, 109, 118, 60, 89, 114, 43, 29, 28, 110, 86, 66, 91, 112, 77, 110, 13, 15, 55, 91, 104, 1, 34, 18, 84, 30, 107, 73, 83, 104, 38, 10, 62, 56, 87, 11, 101, 98, 53, 26, 39]
[10, 20, 3, 94, 6, 86, 107, 70, 10, 41, 97, 115, 40, 19, 53, 87, 96, 102, 109, 86, 97, 96, 121, 109, 42, 38, 40, 30, 44, 60, 49, 117, 64, 80, 35, 109, 18, 53, 46, 10, 91, 44, 30, 81, 92]
[84, 2, 89, 92, 71, 53, 75, 1, 83, 111, 84, 36, 54, 35, 120, 1, 62, 42, 4, 107, 112, 111, 28, 18, 52, 72, 46, 5, 61, 91, 57, 19, 41, 52, 97, 48, 53, 47, 98, 53, 10, 14, 111, 29, 3]
[56, 51, 73, 69, 54, 29, 1, 121, 13, 41, 3, 42, 53, 22, 30, 8, 44, 70, 70, 62, 21, 6, 25, 101, 80, 21, 83, 118, 21, 91, 51, 89, 5, 12, 11, 75, 15, 103, 63, 22, 49, 48, 33, 68, 43]
[29, 16, 90, 121, 85, 51, 95, 94, 59, 15, 99, 43, 98, 31, 95, 99, 106, 57, 92, 22, 71, 37, 100, 2, 5, 48, 21, 34, 68, 62, 90, 49, 7, 106, 14, 4, 72, 100, 15, 104, 79, 22, 97, 102, 92]
[60, 36, 113, 100, 104, 20, 44, 72, 58, 84, 120, 25, 78, 117, 12, 120, 60, 90, 6, 15, 7, 39, 66, 1, 6, 30, 49, 112, 69, 2, 30, 77, 91, 16, 19, 39, 29, 121, 5, 20, 107, 17, 107, 97, 10]
[22, 36, 65, 69, 105, 65, 112, 16, 7, 18, 110, 105, 8, 20, 29, 42, 16, 69, 33, 67, 67, 123, 5, 87, 92, 73, 13, 66, 40, 51, 64, 73, 105, 82, 95, 80, 39, 92, 53, 67, 111, 18, 78, 33, 55]
[84, 39, 113, 9, 53, 64, 44, 103, 36, 61, 11, 13, 11, 1, 85, 79, 121, 10, 62, 63, 35, 59, 12, 8, 15, 69, 28, 87, 32, 112, 86, 70, 121, 45, 64, 39, 67, 56, 114, 8, 53, 109, 64, 111, 105]
[42, 17, 85, 67, 43, 81, 9, 18, 64, 119, 77, 60, 57, 77, 59, 57, 115, 118, 20, 72, 103, 70, 93, 21, 43, 12, 10, 115, 100, 35, 107, 62, 119, 3, 123, 37, 25, 32, 20, 104, 90, 37, 93, 62, 41]
[53, 36, 55, 108, 44, 77, 17, 34, 4, 52, 44, 116, 19, 72, 73, 58, 22, 77, 2, 96, 38, 29, 123, 28, 56, 20, 5, 34, 18, 39, 102, 52, 113, 60, 13, 60, 89, 88, 7, 108, 89, 13, 10, 34, 53]
[65, 14, 100, 3, 71, 37, 55, 103, 38, 18, 41, 76, 50, 92, 18, 31, 97, 36, 72, 53, 53, 108, 97, 28, 90, 89, 103, 83, 105, 87, 10, 91, 99, 53, 34, 109, 19, 4, 122, 98, 51, 110, 2, 96, 94]
[2, 8, 1, 105, 110, 67, 1, 33, 70, 88, 11, 111, 35, 40, 66, 19, 11, 111, 91, 47, 89, 97, 116, 97, 112, 13, 53, 43, 108, 94, 31, 47, 36, 6, 71, 22, 71, 55, 93, 8, 10, 7, 58, 39, 122]
[85, 38, 103, 23, 102, 53, 30, 74, 9, 57, 53, 6, 30, 8, 71, 89, 123, 10, 21, 86, 38, 21, 83, 80, 73, 85, 123, 103, 66, 9, 8, 25, 11, 47, 41, 90, 28, 10, 97, 122, 1, 84, 10, 59, 53]
[70, 33, 45, 64, 62, 22, 102, 13, 74, 27, 106, 50, 5, 118, 118, 65, 13, 78, 118, 48, 30, 76, 3, 22, 123, 33, 45, 29, 40, 106, 51, 84, 49, 59, 4, 115, 34, 117, 43, 31, 6, 61, 98, 76, 67]
[79, 102, 47, 76, 42, 84, 118, 15, 2, 43, 65, 117, 103, 1, 107, 97, 34, 43, 57, 21, 47, 108, 110, 96, 86, 107, 22, 35, 83, 114, 38, 10, 53, 10, 100, 55, 116, 92, 100, 112, 40, 102, 30, 52, 100]
[17, 96, 100, 80, 74, 34, 121, 7, 4, 52, 104, 100, 56, 113, 58, 21, 75, 68, 40, 111, 73, 86, 46, 121, 123, 34, 47, 31, 98, 54, 111, 39, 108, 101, 85, 115, 73, 99, 25, 27, 88, 44, 94, 8, 28]
[17, 48, 53, 71, 3, 53, 105, 1, 70, 101, 4, 14, 35, 55, 70, 76, 121, 5, 32, 51, 22, 38, 94, 23, 14, 72, 5, 96, 109, 33, 24, 52, 15, 61, 122, 117, 66, 36, 71, 21, 19, 123, 29, 14, 122]
[111, 119, 7, 34, 103, 2, 112, 101, 24, 11, 17, 97, 46, 111, 59, 84, 14, 40, 20, 23, 83, 73, 80, 8, 42, 2, 52, 64, 84, 79, 107, 34, 92, 36, 52, 77, 63, 117, 7, 123, 120, 63, 69, 14, 79]
[68, 31, 1, 45, 99, 51, 50, 110, 73, 46, 51, 62, 35, 43, 103, 111, 78, 107, 52, 67, 100, 81, 42, 99, 55, 47, 47, 8, 97, 1, 31, 102, 19, 96, 4, 26, 14, 73, 73, 10, 32, 96, 34, 36, 11]
[79, 84, 20, 66, 57, 28, 52, 1, 108, 9, 86, 102, 57, 72, 51, 32, 35, 23, 39, 79, 97, 36, 0, 72, 79, 87, 48, 54, 37, 83, 74, 40, 28, 27, 42, 58, 112, 79, 5, 105, 102, 23, 86, 103, 10]
[97, 95, 38, 96, 5, 21, 108, 87, 5, 44, 43, 33, 53, 82, 123, 117, 86, 57, 46, 109, 51, 20, 76, 101, 2, 78, 103, 86, 11, 56, 10, 53, 77, 36, 33, 53, 30, 121, 10, 119, 50, 107, 118, 52, 91]
[10, 62, 17, 123, 14, 48, 38, 58, 84, 54, 44, 22, 97, 53, 36, 105, 92, 70, 122, 19, 16, 36, 94, 53, 53, 36, 94, 21, 60, 42, 58, 3, 84, 118, 96, 83, 29, 93, 92, 103, 10, 53, 25, 97, 116]
[46, 11, 97, 6, 28, 122, 92, 1, 16, 102, 58, 8, 115, 28, 3, 104, 37, 45, 104, 41, 8, 84, 11, 31, 13, 84, 13, 42, 95, 54, 108, 100, 120, 15, 102, 7, 121, 99, 56, 31, 26, 98, 38, 60, 88]
[70, 5, 31, 12, 12, 100, 91, 112, 11, 97, 43, 38, 40, 9, 68, 10, 52, 8, 59, 8, 120, 28, 52, 86, 68, 10, 110, 85, 49, 26, 53, 118, 22, 8, 108, 119, 122, 111, 7, 46, 38, 58, 4, 39, 36]
[47, 99, 62, 97, 67, 83, 119, 5, 114, 29, 32, 114, 44, 53, 105, 17, 7, 63, 14, 120, 100, 37, 59, 116, 26, 4, 61, 97, 83, 118, 83, 47, 48, 79, 79, 24, 108, 53, 17, 72, 39, 86, 82, 113, 115]
[18, 83, 43, 90, 41, 18, 30, 10, 6, 49, 117, 48, 12, 27, 78, 108, 38, 92, 24, 25, 96, 9, 21, 117, 91, 120, 87, 39, 73, 47, 95, 89, 111, 15, 102, 53, 102, 55, 87, 4, 50, 37, 24, 62, 31]
[84, 88, 51, 56, 12, 87, 118, 1, 60, 68, 100, 64, 59, 109, 112, 62, 104, 26, 78, 104, 52, 79, 41, 48, 113, 80, 31, 107, 77, 106, 85, 91, 110, 29, 36, 32, 97, 92, 102, 78, 30, 25, 66, 102, 66]
[18, 17, 109, 14, 2, 49, 43, 89, 110, 57, 60, 30, 13, 106, 12, 112, 91, 52, 56, 39, 26, 10, 7, 81, 27, 96, 0, 33, 56, 10, 51, 40, 21, 52, 103, 120, 66, 42, 122, 99, 22, 8, 40, 83, 70]
[74, 63, 46, 107, 37, 24, 39, 93, 96, 89, 123, 106, 26, 105, 38, 91, 42, 35, 53, 6, 3, 77, 6, 87, 47, 3, 34, 102, 36, 6, 43, 39, 37, 80, 90, 39, 79, 21, 90, 90, 10, 109, 91, 53, 28]
[1, 17, 66, 26, 96, 47, 64, 103, 46, 18, 16, 119, 39, 62, 45, 120, 99, 49, 42, 8, 53, 99, 39, 28, 105, 76, 57, 78, 105, 16, 16, 82, 24, 18, 85, 79, 49, 103, 80, 10, 13, 39, 52, 90, 115]
[55, 111, 73, 41, 52, 69, 45, 52, 99, 106, 9, 14, 34, 9, 17, 4, 117, 18, 90, 48, 37, 59, 48, 64, 34, 123, 56, 122, 19, 103, 25, 120, 72, 42, 111, 95, 94, 1, 61, 29, 119, 58, 50, 21, 54]
[38, 88, 97, 20, 89, 59, 112, 97, 72, 97, 6, 93, 7, 88, 110, 48, 28, 69, 121, 72, 53, 90, 31, 56, 50, 75, 70, 38, 87, 10, 107, 53, 53, 97, 108, 121, 113, 83, 87, 114, 58, 83, 97, 24, 10]
[59, 77, 53, 70, 11, 5, 83, 47, 46, 116, 10, 121, 21, 17, 8, 14, 15, 64, 67, 33, 25, 76, 70, 69, 40, 65, 120, 97, 31, 30, 89, 55, 116, 53, 19, 73, 1, 3, 61, 92, 17, 65, 23, 10, 96]
[87, 72, 1, 100, 68, 71, 29, 38, 59, 95, 75, 20, 79, 113, 39, 28, 119, 6, 25, 0, 0, 35, 65, 80, 17, 116, 18, 110, 101, 67, 14, 26, 11, 34, 24, 53, 58, 83, 18, 10, 31, 45, 50, 62, 44]
[88, 4, 46, 60, 122, 55, 21, 111, 85, 114, 86, 17, 106, 115, 91, 49, 32, 43, 36, 46, 23, 91, 7, 33, 39, 100, 38, 86, 58, 118, 104, 107, 68, 106, 75, 14, 97, 98, 55, 97, 36, 91, 3, 21, 10]
[102, 103, 29, 33, 94, 53, 122, 8, 100, 17, 22, 49, 39, 71, 88, 60, 39, 58, 29, 105, 21, 46, 82, 60, 50, 91, 51, 79, 114, 53, 40, 41, 102, 123, 32, 26, 121, 4, 30, 123, 60, 83, 84, 10, 15]
[17, 6, 112, 107, 86, 91, 49, 108, 3, 2, 123, 79, 79, 3, 86, 19, 108, 109, 72, 86, 58, 116, 46, 113, 112, 11, 25, 20, 90, 28, 84, 50, 115, 63, 12, 45, 115, 40, 91, 116, 8, 101, 26, 46, 118]
[65, 51, 53, 39, 31, 49, 41, 67, 44, 13, 85, 54, 70, 43, 55, 38, 0, 48, 14, 38, 28, 86, 0, 107, 90, 39, 52, 50, 31, 21, 43, 114, 77, 93, 113, 82, 5, 78, 43, 49, 39, 24, 113, 10, 29]
[10, 41, 95, 44, 81, 79, 110, 111, 51, 119, 90, 58, 104, 26, 98, 76, 68, 115, 43, 45, 116, 31, 69, 97, 3, 1, 32, 31, 10, 88, 21, 106, 89, 100, 95, 23, 33, 111, 108, 52, 110, 4, 22, 28, 68]
[111, 72, 7, 7, 31, 29, 112, 17, 73, 79, 106, 54, 44, 103, 109, 100, 23, 103, 37, 37, 79, 28, 80, 8, 42, 2, 52, 36, 84, 98, 107, 34, 92, 113, 106, 25, 11, 63, 63, 123, 120, 63, 25, 14, 10]
[86, 21, 28, 26, 29, 15, 20, 105, 89, 86, 123, 31, 108, 10, 37, 13, 74, 81, 22, 108, 37, 62, 33, 84, 76, 79, 74, 67, 114, 25, 8, 49, 100, 89, 119, 61, 24, 111, 26, 2, 67, 95, 123, 121, 87]
[48, 45, 40, 70, 51, 45, 71, 24, 63, 109, 74, 19, 59, 78, 25, 112, 65, 29, 121, 16, 5, 40, 16, 6, 94, 116, 64, 76, 90, 104, 4, 90, 29, 11, 96, 103, 113, 23, 20, 80, 7, 71, 6, 50, 42]
[94, 101, 65, 18, 38, 89, 111, 58, 76, 70, 6, 86, 109, 29, 91, 18, 30, 53, 78, 18, 16, 44, 96, 79, 4, 54, 97, 21, 10, 86, 105, 37, 53, 34, 38, 12, 97, 58, 117, 120, 53, 104, 29, 10, 96]
[52, 105, 103, 69, 122, 81, 19, 97, 91, 25, 44, 89, 113, 49, 43, 1, 89, 26, 83, 78, 101, 1, 84, 56, 100, 24, 96, 119, 69, 51, 79, 6, 121, 30, 64, 85, 93, 66, 85, 0, 45, 13, 63, 57, 106]
[79, 104, 2, 88, 109, 3, 96, 6, 85, 31, 42, 119, 116, 95, 121, 118, 15, 70, 18, 86, 112, 81, 31, 0, 48, 29, 26, 98, 65, 122, 71, 3, 48, 80, 68, 111, 117, 83, 90, 6, 110, 113, 90, 38, 40]
[44, 105, 63, 53, 27, 40, 53, 72, 88, 29, 93, 36, 67, 68, 99, 13, 103, 85, 25, 73, 62, 30, 10, 58, 26, 94, 53, 47, 78, 109, 14, 51, 33, 70, 96, 56, 121, 92, 81, 21, 34, 10, 115, 87, 21]
[19, 47, 2, 12, 56, 5, 104, 8, 62, 33, 8, 47, 52, 14, 109, 24, 110, 113, 23, 79, 17, 16, 58, 66, 10, 49, 3, 61, 7, 16, 71, 25, 56, 59, 80, 4, 71, 58, 6, 85, 122, 22, 109, 41, 116]
[96, 24, 3, 89, 79, 108, 22, 90, 75, 94, 28, 110, 26, 38, 82, 40, 66, 49, 25, 48, 116, 57, 107, 49, 10, 104, 94, 1, 95, 21, 52, 20, 12, 112, 24, 24, 15, 10, 63, 102, 46, 100, 61, 47, 54]
[39, 109, 39, 68, 121, 47, 26, 109, 3, 30, 18, 85, 113, 113, 83, 10, 11, 55, 1, 92, 10, 86, 38, 95, 97, 104, 70, 117, 95, 47, 101, 10, 103, 96, 94, 39, 81, 45, 91, 98, 29, 2, 49, 44, 2]
[29, 104, 2, 14, 82, 111, 96, 6, 116, 104, 102, 42, 33, 35, 81, 42, 106, 69, 51, 3, 113, 113, 42, 30, 75, 92, 103, 37, 62, 75, 3, 109, 3, 77, 105, 79, 45, 13, 102, 81, 93, 33, 19, 95, 75]
[41, 30, 48, 21, 24, 115, 46, 104, 0, 81, 99, 70, 85, 120, 55, 38, 119, 101, 53, 22, 67, 104, 53, 26, 84, 38, 50, 96, 48, 79, 64, 93, 2, 87, 16, 60, 88, 121, 53, 42, 81, 80, 47, 72, 117]
[71, 46, 122, 56, 63, 9, 38, 55, 85, 110, 98, 86, 40, 122, 31, 77, 69, 50, 91, 94, 15, 48, 6, 24, 40, 57, 103, 94, 9, 97, 41, 63, 117, 46, 95, 47, 38, 90, 119, 40, 21, 85, 111, 29, 10]
[97, 61, 97, 109, 4, 93, 119, 120, 25, 8, 71, 111, 53, 85, 15, 83, 71, 121, 6, 10, 57, 3, 8, 55, 43, 93, 47, 86, 121, 34, 33, 77, 58, 109, 83, 40, 14, 113, 41, 15, 123, 31, 82, 54, 44]
[20, 70, 59, 26, 12, 47, 102, 51, 53, 93, 8, 4, 13, 69, 58, 91, 111, 43, 17, 57, 13, 22, 30, 55, 102, 111, 53, 19, 97, 1, 90, 31, 86, 77, 68, 36, 16, 55, 28, 52, 89, 96, 8, 99, 36]
[90, 123, 68, 66, 108, 50, 89, 40, 44, 60, 28, 8, 70, 30, 69, 116, 55, 118, 106, 67, 107, 55, 53, 83, 91, 92, 80, 98, 72, 112, 61, 2, 40, 103, 49, 60, 71, 0, 85, 123, 13, 39, 82, 61, 59]
[94, 80, 110, 108, 53, 120, 78, 10, 49, 103, 12, 67, 2, 90, 70, 33, 88, 23, 82, 42, 83, 118, 37, 6, 11, 22, 109, 16, 123, 115, 40, 97, 6, 64, 108, 2, 23, 97, 4, 50, 10, 110, 19, 121, 94]
[85, 35, 44, 2, 14, 101, 73, 91, 76, 56, 101, 3, 104, 7, 81, 89, 24, 92, 41, 116, 42, 84, 31, 84, 76, 102, 111, 8, 4, 96, 2, 59, 105, 112, 24, 24, 15, 83, 63, 88, 0, 51, 18, 56, 110]
[71, 101, 43, 81, 26, 10, 26, 39, 77, 77, 93, 53, 18, 1, 50, 111, 116, 114, 46, 60, 15, 95, 41, 80, 22, 36, 94, 56, 65, 97, 109, 71, 24, 41, 7, 10, 39, 113, 53, 121, 109, 37, 41, 10, 76]
[38, 42, 30, 4, 119, 25, 54, 48, 84, 99, 59, 65, 85, 59, 120, 53, 62, 17, 62, 43, 117, 9, 21, 30, 23, 72, 5, 56, 28, 101, 82, 122, 36, 51, 51, 103, 10, 29, 35, 8, 1, 110, 11, 54, 50]
[81, 32, 107, 114, 118, 107, 20, 104, 81, 84, 38, 21, 22, 119, 80, 113, 78, 31, 97, 52, 7, 43, 75, 83, 114, 111, 62, 98, 102, 54, 121, 36, 28, 30, 81, 82, 39, 102, 63, 28, 18, 63, 109, 70, 5]
[67, 88, 98, 77, 77, 121, 90, 42, 53, 69, 7, 86, 103, 37, 42, 97, 41, 13, 30, 69, 67, 57, 121, 33, 37, 90, 1, 50, 97, 59, 8, 101, 55, 77, 111, 58, 108, 50, 94, 97, 15, 102, 48, 67, 24]
[123, 55, 33, 97, 29, 107, 116, 117, 84, 17, 39, 83, 56, 102, 35, 40, 9, 90, 10, 56, 7, 107, 57, 48, 62, 105, 26, 36, 84, 68, 70, 30, 59, 57, 24, 105, 93, 120, 43, 99, 52, 96, 10, 110, 53]
[50, 16, 8, 109, 80, 123, 61, 99, 31, 104, 32, 93, 37, 112, 121, 94, 57, 106, 33, 49, 38, 56, 59, 82, 86, 39, 32, 110, 85, 10, 53, 70, 123, 76, 110, 10, 30, 53, 117, 53, 21, 42, 81, 2, 37]
[112, 29, 49, 89, 28, 64, 46, 73, 36, 61, 101, 51, 71, 7, 82, 87, 21, 58, 58, 45, 97, 81, 43, 41, 100, 23, 8, 104, 99, 19, 60, 56, 71, 71, 111, 1, 30, 89, 76, 86, 0, 45, 17, 39, 34]
[78, 55, 45, 77, 79, 65, 23, 31, 110, 29, 93, 36, 98, 47, 3, 111, 40, 24, 20, 49, 62, 55, 118, 100, 24, 2, 0, 24, 82, 25, 20, 80, 79, 0, 47, 55, 48, 97, 100, 98, 36, 10, 3, 35, 84]
[60, 101, 118, 19, 122, 74, 53, 3, 110, 63, 78, 46, 24, 111, 69, 120, 122, 58, 36, 30, 59, 31, 108, 74, 63, 17, 65, 118, 29, 21, 30, 69, 112, 64, 93, 52, 10, 59, 14, 14, 36, 0, 106, 42, 96]
[35, 106, 88, 24, 17, 118, 105, 76, 9, 102, 118, 20, 32, 29, 35, 36, 61, 73, 53, 5, 21, 65, 113, 73, 109, 47, 19, 118, 93, 29, 61, 117, 117, 10, 105, 105, 94, 112, 89, 20, 84, 13, 111, 89, 53]
[41, 39, 96, 100, 115, 71, 10, 120, 109, 77, 57, 111, 6, 108, 36, 2, 11, 28, 46, 114, 123, 35, 66, 123, 39, 26, 40, 36, 112, 123, 68, 21, 71, 2, 110, 53, 101, 71, 10, 4, 46, 111, 26, 81, 22]
[35, 34, 9, 84, 4, 95, 115, 103, 113, 43, 15, 89, 35, 74, 52, 37, 8, 63, 40, 116, 19, 80, 76, 60, 17, 87, 53, 81, 70, 93, 30, 5, 108, 62, 101, 83, 54, 21, 87, 12, 53, 18, 22, 53, 21]
[113, 34, 2, 90, 96, 11, 6, 60, 91, 114, 92, 54, 16, 98, 118, 10, 79, 110, 92, 22, 71, 37, 116, 109, 122, 10, 71, 30, 80, 99, 22, 5, 100, 105, 119, 113, 51, 22, 63, 69, 31, 32, 75, 95, 38]
[31, 108, 82, 31, 101, 5, 47, 89, 29, 80, 104, 26, 36, 118, 33, 107, 115, 104, 59, 53, 32, 106, 3, 25, 79, 47, 64, 26, 66, 56, 12, 64, 0, 8, 42, 50, 94, 7, 34, 13, 19, 46, 14, 52, 96]
[122, 33, 101, 54, 76, 50, 58, 43, 50, 72, 50, 107, 79, 19, 121, 97, 114, 43, 4, 6, 104, 119, 53, 30, 70, 52, 70, 104, 7, 30, 66, 106, 99, 22, 24, 9, 99, 41, 45, 68, 22, 97, 10, 10, 1]
[29, 100, 25, 96, 84, 81, 44, 50, 50, 86, 114, 53, 64, 117, 97, 87, 51, 9, 76, 25, 33, 100, 85, 41, 60, 35, 65, 8, 89, 93, 10, 41, 22, 56, 13, 52, 106, 32, 91, 101, 103, 38, 55, 41, 30]
[11, 82, 55, 5, 120, 103, 96, 26, 94, 34, 75, 31, 123, 92, 9, 0, 120, 105, 97, 61, 19, 20, 97, 80, 62, 34, 46, 11, 10, 40, 58, 83, 23, 70, 38, 23, 68, 91, 8, 102, 47, 44, 79, 86, 69]
[92, 81, 30, 53, 83, 50, 52, 49, 32, 111, 48, 112, 62, 96, 36, 82, 57, 33, 13, 107, 52, 47, 38, 0, 52, 29, 71, 111, 41, 55, 94, 53, 40, 47, 50, 93, 10, 70, 99, 53, 40, 46, 3, 38, 26]
[15, 16, 44, 20, 30, 40, 34, 23, 48, 8, 19, 92, 109, 109, 58, 53, 117, 29, 57, 77, 43, 72, 97, 55, 111, 23, 68, 103, 34, 82, 100, 117, 97, 86, 36, 18, 8, 68, 87, 9, 33, 112, 114, 29, 75]
[103, 88, 101, 81, 2, 95, 43, 116, 86, 82, 60, 72, 53, 118, 13, 36, 84, 77, 47, 111, 112, 15, 83, 5, 21, 55, 121, 100, 10, 119, 86, 82, 39, 49, 97, 46, 97, 1, 11, 91, 46, 88, 60, 18, 29]
[69, 75, 50, 9, 21, 97, 81, 110, 104, 17, 63, 75, 116, 0, 30, 73, 37, 50, 51, 52, 62, 116, 44, 37, 50, 68, 35, 0, 91, 42, 71, 62, 14, 7, 10, 111, 61, 53, 10, 59, 93, 76, 31, 10, 38]
[74, 96, 103, 110, 0, 18, 100, 76, 90, 61, 119, 37, 94, 47, 14, 35, 35, 34, 23, 63, 109, 92, 109, 60, 93, 42, 36, 111, 105, 51, 5, 117, 95, 97, 89, 59, 41, 50, 26, 123, 41, 18, 30, 43, 71]
[45, 39, 25, 38, 8, 123, 118, 69, 102, 103, 88, 42, 48, 15, 29, 102, 73, 28, 62, 15, 56, 61, 110, 108, 35, 15, 5, 47, 57, 114, 121, 105, 33, 117, 53, 61, 23, 64, 5, 10, 84, 114, 25, 37, 0]
[107, 16, 7, 39, 96, 98, 105, 16, 115, 21, 21, 103, 38, 114, 111, 13, 72, 89, 96, 82, 25, 90, 123, 65, 31, 2, 12, 15, 86, 18, 13, 100, 117, 56, 95, 64, 93, 10, 104, 110, 93, 106, 53, 37, 10]
[107, 65, 86, 38, 102, 104, 41, 35, 23, 8, 101, 5, 49, 43, 69, 23, 101, 77, 26, 18, 45, 74, 70, 24, 11, 104, 92, 111, 68, 26, 18, 62, 14, 84, 84, 97, 17, 73, 36, 58, 116, 29, 110, 103, 115]
[94, 26, 14, 73, 113, 99, 96, 24, 69, 46, 12, 23, 49, 58, 23, 28, 35, 23, 10, 14, 93, 97, 23, 121, 95, 120, 49, 76, 13, 112, 33, 50, 47, 73, 69, 80, 118, 69, 13, 19, 120, 51, 30, 67, 53]
[45, 83, 52, 10, 47, 101, 14, 37, 52, 80, 85, 73, 39, 80, 29, 88, 106, 98, 32, 61, 106, 41, 58, 79, 44, 8, 66, 62, 59, 53, 65, 2, 21, 57, 17, 84, 120, 120, 97, 121, 58, 38, 10, 30, 10]
[58, 16, 8, 37, 119, 24, 15, 76, 123, 37, 86, 120, 38, 47, 9, 11, 44, 19, 71, 14, 27, 95, 72, 5, 21, 9, 116, 43, 36, 72, 57, 105, 44, 103, 66, 29, 91, 107, 38, 47, 10, 58, 35, 97, 30]
[97, 19, 36, 66, 88, 86, 96, 6, 41, 8, 77, 96, 58, 23, 34, 27, 10, 116, 118, 34, 89, 13, 79, 116, 70, 121, 41, 9, 47, 69, 103, 117, 71, 108, 25, 122, 55, 50, 116, 20, 115, 23, 48, 71, 8]
[41, 106, 52, 15, 8, 108, 6, 71, 102, 103, 85, 18, 106, 109, 29, 102, 73, 53, 46, 84, 44, 66, 10, 21, 50, 6, 64, 111, 4, 39, 68, 33, 35, 41, 46, 52, 39, 61, 90, 10, 45, 107, 107, 89, 39]
[70, 15, 55, 30, 106, 68, 93, 40, 66, 88, 47, 17, 0, 122, 40, 45, 103, 106, 16, 31, 9, 74, 70, 97, 11, 92, 81, 91, 28, 29, 22, 73, 114, 95, 71, 52, 24, 112, 46, 50, 9, 70, 39, 10, 12]
[122, 100, 107, 50, 78, 29, 39, 39, 107, 30, 38, 0, 11, 16, 31, 110, 10, 44, 115, 105, 24, 9, 68, 9, 117, 79, 60, 96, 80, 42, 48, 60, 51, 10, 115, 105, 91, 96, 58, 52, 80, 55, 53, 2, 102]
[71, 98, 44, 69, 53, 76, 54, 0, 11, 49, 55, 66, 109, 4, 9, 48, 99, 103, 10, 114, 53, 43, 107, 55, 87, 98, 13, 111, 38, 97, 41, 82, 111, 80, 67, 73, 102, 41, 22, 37, 4, 97, 0, 21, 39]
[114, 10, 47, 24, 31, 98, 46, 68, 85, 104, 102, 91, 120, 56, 56, 13, 19, 44, 68, 79, 89, 84, 66, 45, 74, 116, 45, 73, 42, 1, 51, 108, 56, 111, 114, 116, 23, 33, 58, 32, 18, 36, 98, 119, 22]
[81, 97, 106, 45, 78, 6, 97, 93, 3, 93, 47, 55, 79, 122, 103, 28, 74, 10, 91, 121, 87, 1, 56, 10, 40, 57, 109, 74, 7, 121, 19, 5, 111, 7, 59, 4, 53, 98, 96, 108, 32, 28, 31, 61, 116]
[121, 20, 54, 78, 63, 11, 31, 94, 18, 119, 21, 61, 15, 5, 55, 100, 95, 31, 122, 5, 87, 48, 96, 29, 73, 99, 25, 13, 116, 11, 74, 57, 91, 121, 76, 105, 86, 68, 54, 57, 103, 111, 35, 62, 32]
[87, 78, 106, 87, 29, 4, 39, 8, 117, 57, 116, 10, 121, 89, 31, 104, 33, 50, 41, 85, 53, 14, 6, 99, 108, 117, 9, 56, 34, 26, 49, 67, 64, 25, 24, 11, 115, 115, 80, 62, 38, 73, 123, 116, 43]
[113, 34, 2, 90, 96, 11, 6, 60, 91, 114, 92, 54, 16, 98, 118, 10, 79, 110, 92, 22, 71, 37, 116, 109, 122, 10, 100, 30, 73, 42, 55, 5, 100, 105, 119, 113, 51, 22, 63, 90, 17, 32, 75, 95, 38]
[35, 115, 83, 10, 39, 35, 38, 117, 38, 36, 2, 115, 97, 67, 55, 29, 21, 32, 69, 10, 53, 98, 84, 110, 92, 36, 98, 16, 28, 55, 38, 22, 92, 108, 96, 53, 91, 46, 3, 90, 39, 5, 1, 10, 8]
[41, 58, 106, 55, 62, 120, 54, 79, 91, 8, 47, 39, 8, 78, 93, 12, 37, 19, 83, 69, 72, 30, 29, 60, 68, 31, 34, 46, 68, 26, 41, 74, 16, 64, 29, 107, 58, 98, 111, 45, 113, 48, 73, 10, 77]
[30, 48, 13, 97, 5, 79, 110, 111, 51, 112, 75, 8, 48, 77, 62, 116, 28, 38, 98, 45, 7, 90, 27, 83, 33, 111, 73, 92, 58, 104, 10, 99, 1, 89, 44, 34, 55, 66, 28, 53, 111, 85, 29, 16, 77]
[72, 101, 36, 94, 112, 46, 37, 1, 117, 111, 79, 29, 16, 53, 106, 57, 29, 53, 91, 0, 68, 48, 73, 121, 24, 92, 73, 11, 58, 104, 10, 99, 123, 89, 44, 91, 55, 94, 76, 53, 111, 92, 29, 65, 77]
[99, 57, 45, 86, 29, 89, 51, 96, 53, 45, 43, 114, 108, 71, 91, 101, 77, 100, 113, 48, 11, 71, 101, 114, 15, 24, 80, 65, 40, 46, 46, 35, 10, 18, 97, 30, 109, 50, 32, 52, 43, 98, 55, 6, 84]
[14, 67, 110, 91, 75, 75, 48, 12, 78, 83, 52, 67, 30, 82, 92, 113, 48, 67, 105, 96, 97, 0, 74, 111, 114, 121, 10, 117, 114, 99, 50, 58, 41, 77, 30, 102, 107, 107, 56, 99, 103, 25, 54, 46, 80]
[6, 4, 103, 53, 46, 4, 111, 7, 35, 64, 102, 84, 111, 61, 39, 107, 36, 85, 63, 103, 71, 4, 63, 118, 26, 46, 106, 47, 41, 108, 64, 7, 53, 88, 121, 83, 7, 70, 26, 110, 10, 35, 97, 53, 92]
[19, 111, 62, 117, 81, 9, 68, 38, 75, 88, 5, 39, 8, 78, 44, 12, 37, 19, 8, 78, 48, 109, 31, 120, 31, 102, 111, 10, 71, 90, 56, 20, 12, 112, 24, 24, 15, 10, 63, 56, 46, 13, 61, 117, 54]
[75, 0, 24, 36, 66, 71, 75, 48, 86, 78, 116, 31, 73, 103, 63, 117, 97, 102, 57, 4, 60, 113, 86, 35, 38, 32, 30, 12, 58, 57, 41, 86, 82, 86, 20, 5, 82, 85, 98, 10, 91, 33, 107, 6, 97]
[52, 123, 13, 80, 47, 4, 79, 59, 66, 82, 112, 38, 96, 15, 110, 103, 110, 55, 53, 92, 105, 21, 88, 110, 92, 72, 59, 116, 105, 97, 120, 30, 29, 107, 96, 0, 53, 110, 37, 93, 3, 55, 88, 47, 10]
[59, 106, 65, 110, 52, 30, 26, 50, 71, 84, 115, 29, 28, 105, 96, 20, 97, 110, 79, 105, 39, 76, 105, 29, 10, 47, 47, 28, 105, 10, 53, 69, 34, 110, 28, 53, 20, 55, 38, 21, 118, 109, 97, 96, 10]
[114, 76, 29, 123, 32, 37, 100, 62, 6, 20, 49, 69, 123, 5, 111, 70, 100, 19, 34, 33, 83, 21, 113, 86, 59, 33, 52, 116, 10, 97, 61, 120, 117, 10, 105, 4, 62, 10, 87, 109, 91, 99, 1, 34, 115]
[30, 70, 4, 19, 110, 32, 74, 114, 28, 104, 66, 89, 96, 7, 72, 94, 60, 87, 86, 4, 38, 58, 47, 92, 70, 11, 91, 87, 89, 31, 116, 13, 102, 58, 102, 111, 79, 10, 26, 20, 122, 53, 87, 39, 24]
[75, 1, 39, 77, 9, 118, 46, 28, 57, 4, 103, 40, 73, 61, 23, 7, 105, 98, 116, 71, 53, 54, 46, 8, 35, 36, 111, 52, 47, 120, 49, 121, 54, 48, 100, 29, 53, 21, 10, 8, 60, 98, 41, 108, 58]
[23, 85, 59, 62, 68, 100, 71, 56, 10, 121, 120, 38, 39, 38, 53, 49, 51, 119, 121, 19, 110, 0, 97, 21, 113, 82, 62, 29, 122, 10, 53, 61, 113, 21, 77, 99, 116, 43, 10, 113, 39, 16, 31, 6, 52]
[30, 113, 59, 16, 96, 38, 10, 96, 84, 43, 73, 9, 60, 11, 119, 2, 123, 63, 105, 102, 105, 90, 68, 48, 94, 79, 81, 104, 102, 91, 58, 14, 39, 17, 85, 53, 2, 4, 86, 74, 111, 92, 29, 91, 77]
[86, 36, 84, 100, 68, 97, 118, 38, 102, 57, 52, 10, 31, 92, 37, 4, 100, 46, 90, 84, 50, 10, 45, 34, 84, 7, 3, 111, 46, 40, 120, 16, 91, 121, 16, 44, 107, 97, 53, 39, 85, 85, 53, 21, 46]
[78, 103, 97, 105, 77, 22, 44, 71, 115, 37, 5, 11, 41, 93, 98, 26, 74, 55, 93, 98, 36, 112, 64, 53, 111, 41, 78, 76, 120, 53, 77, 97, 41, 53, 113, 0, 15, 103, 23, 10, 8, 20, 45, 47, 11]
[24, 20, 30, 59, 59, 99, 68, 54, 105, 1, 56, 102, 18, 68, 110, 91, 50, 21, 16, 32, 100, 102, 10, 25, 13, 100, 55, 34, 100, 91, 78, 26, 62, 54, 113, 53, 64, 116, 13, 23, 53, 25, 49, 32, 10]
[97, 89, 49, 71, 14, 120, 105, 8, 21, 113, 101, 82, 41, 51, 0, 83, 40, 100, 59, 66, 0, 14, 73, 56, 20, 30, 39, 66, 32, 46, 39, 48, 75, 99, 80, 108, 18, 116, 22, 112, 87, 87, 105, 14, 68]
[120, 98, 8, 17, 115, 5, 81, 24, 116, 48, 22, 31, 34, 31, 75, 61, 94, 29, 2, 2, 47, 88, 92, 39, 92, 64, 49, 36, 29, 21, 30, 69, 112, 1, 1, 67, 10, 89, 14, 14, 36, 0, 123, 109, 63]
[112, 102, 6, 34, 28, 122, 111, 53, 123, 48, 33, 111, 95, 33, 98, 105, 79, 119, 43, 95, 7, 10, 100, 41, 97, 14, 60, 15, 54, 97, 61, 35, 10, 6, 102, 95, 71, 120, 53, 115, 33, 55, 39, 10, 93]
[22, 114, 55, 37, 82, 111, 108, 85, 81, 114, 42, 53, 39, 23, 108, 28, 78, 57, 57, 80, 85, 107, 64, 111, 55, 1, 101, 5, 30, 42, 2, 35, 10, 12, 87, 29, 64, 112, 47, 3, 10, 110, 34, 113, 39]
[36, 117, 2, 90, 96, 11, 6, 60, 91, 114, 31, 104, 41, 57, 13, 10, 79, 110, 39, 22, 95, 46, 116, 8, 122, 10, 71, 30, 2, 33, 39, 5, 75, 99, 5, 90, 57, 100, 97, 14, 40, 19, 2, 51, 8]
[23, 4, 105, 53, 41, 51, 95, 31, 81, 64, 76, 105, 91, 21, 111, 104, 66, 120, 13, 86, 104, 106, 96, 36, 40, 123, 55, 11, 50, 96, 29, 49, 100, 89, 0, 43, 108, 45, 15, 69, 114, 102, 22, 102, 14]
[122, 17, 75, 3, 114, 123, 67, 83, 86, 52, 122, 3, 29, 7, 83, 58, 32, 68, 31, 44, 76, 123, 78, 80, 105, 55, 58, 111, 105, 51, 5, 41, 93, 77, 71, 110, 54, 50, 40, 31, 100, 52, 31, 2, 26]
[57, 80, 113, 63, 83, 20, 109, 103, 81, 104, 14, 87, 74, 117, 118, 120, 60, 13, 70, 78, 7, 46, 96, 33, 41, 65, 3, 106, 105, 30, 89, 30, 87, 16, 19, 19, 1, 121, 61, 66, 2, 17, 107, 114, 53]
[79, 115, 99, 51, 19, 39, 117, 74, 30, 114, 55, 68, 120, 107, 51, 96, 69, 24, 121, 72, 113, 102, 33, 54, 51, 93, 34, 11, 109, 80, 109, 16, 57, 19, 13, 26, 35, 21, 8, 94, 26, 0, 56, 105, 93]
[100, 114, 35, 29, 19, 50, 6, 34, 81, 59, 110, 72, 110, 123, 91, 121, 44, 123, 50, 85, 1, 62, 80, 50, 108, 26, 41, 78, 65, 2, 74, 55, 103, 8, 67, 22, 57, 92, 28, 24, 33, 106, 99, 7, 55]
[2, 10, 16, 55, 123, 68, 4, 91, 65, 79, 89, 44, 47, 118, 38, 20, 123, 20, 61, 116, 0, 61, 47, 53, 21, 53, 15, 39, 92, 115, 71, 113, 105, 39, 10, 105, 122, 52, 12, 38, 30, 42, 53, 37, 49]
[42, 25, 50, 59, 61, 110, 121, 24, 18, 29, 60, 80, 38, 83, 5, 55, 111, 41, 75, 102, 30, 110, 25, 123, 73, 0, 64, 47, 95, 90, 50, 16, 97, 88, 60, 57, 63, 102, 6, 56, 48, 24, 44, 15, 14]
[113, 114, 35, 29, 41, 50, 20, 34, 81, 59, 110, 72, 110, 123, 91, 121, 44, 123, 50, 85, 1, 62, 80, 50, 108, 26, 56, 78, 72, 2, 77, 55, 103, 87, 73, 22, 57, 43, 28, 24, 33, 106, 99, 7, 20]
[91, 22, 40, 53, 49, 40, 73, 101, 66, 85, 49, 72, 99, 20, 63, 16, 117, 101, 113, 16, 62, 110, 10, 36, 97, 19, 103, 112, 78, 26, 13, 20, 118, 90, 21, 54, 14, 21, 43, 51, 120, 21, 41, 70, 19]
[96, 68, 6, 6, 31, 27, 99, 84, 103, 98, 121, 119, 56, 99, 27, 28, 79, 59, 93, 119, 99, 84, 121, 19, 97, 97, 45, 74, 75, 22, 53, 90, 29, 11, 118, 103, 113, 23, 43, 30, 18, 32, 44, 70, 73]
[91, 102, 86, 48, 31, 55, 22, 65, 51, 83, 49, 55, 10, 64, 103, 31, 99, 99, 50, 28, 85, 70, 36, 21, 47, 39, 56, 116, 0, 38, 62, 101, 34, 37, 73, 0, 96, 65, 55, 10, 120, 115, 53, 97, 17]
[90, 66, 68, 106, 13, 82, 60, 46, 27, 45, 75, 8, 99, 66, 108, 52, 32, 90, 97, 60, 10, 5, 118, 24, 21, 44, 99, 102, 97, 31, 100, 75, 43, 103, 49, 60, 71, 74, 85, 123, 0, 39, 82, 61, 59]
[121, 25, 20, 99, 30, 118, 21, 47, 123, 113, 7, 66, 38, 18, 103, 116, 63, 13, 30, 31, 67, 49, 11, 114, 75, 21, 73, 38, 56, 43, 4, 115, 55, 13, 88, 116, 39, 112, 32, 101, 59, 108, 43, 17, 23]
[74, 53, 65, 1, 3, 92, 65, 43, 10, 27, 60, 37, 31, 116, 25, 69, 53, 74, 90, 39, 111, 87, 58, 88, 60, 123, 29, 32, 58, 118, 87, 33, 40, 91, 28, 74, 44, 44, 86, 94, 76, 20, 94, 99, 35]
[36, 110, 29, 14, 9, 100, 30, 50, 104, 4, 28, 60, 21, 54, 111, 45, 25, 25, 40, 61, 74, 120, 48, 21, 63, 64, 16, 101, 107, 43, 8, 115, 55, 93, 94, 82, 5, 78, 43, 17, 31, 35, 113, 74, 14]
[43, 35, 110, 83, 33, 35, 26, 94, 11, 74, 68, 8, 35, 116, 26, 0, 91, 15, 92, 48, 49, 38, 82, 48, 22, 6, 64, 121, 114, 120, 53, 10, 38, 29, 41, 95, 90, 97, 10, 89, 86, 25, 1, 55, 35]
[118, 72, 39, 38, 15, 87, 29, 22, 123, 2, 59, 79, 77, 38, 82, 40, 66, 38, 25, 78, 48, 109, 31, 95, 24, 10, 21, 60, 120, 122, 90, 74, 60, 71, 12, 114, 115, 40, 91, 59, 105, 111, 93, 12, 22]
[94, 92, 94, 112, 56, 96, 6, 38, 119, 23, 14, 58, 72, 9, 11, 2, 39, 59, 94, 63, 97, 84, 110, 59, 69, 4, 12, 10, 37, 98, 53, 120, 88, 34, 106, 30, 87, 30, 8, 14, 28, 122, 44, 24, 59]
[38, 58, 59, 3, 80, 77, 34, 36, 17, 17, 23, 28, 14, 94, 58, 65, 64, 106, 119, 67, 37, 39, 65, 26, 111, 37, 50, 96, 108, 79, 101, 81, 63, 62, 119, 101, 81, 36, 113, 90, 53, 102, 10, 87, 3]
[32, 84, 61, 119, 122, 86, 3, 107, 44, 37, 31, 60, 34, 53, 17, 53, 41, 109, 97, 104, 117, 11, 53, 2, 17, 91, 101, 109, 109, 50, 118, 27, 103, 61, 81, 118, 77, 18, 26, 66, 61, 29, 55, 118, 10]
[38, 106, 21, 57, 69, 106, 114, 93, 53, 21, 31, 25, 53, 91, 86, 119, 32, 119, 19, 20, 95, 48, 51, 93, 111, 31, 92, 93, 49, 25, 44, 88, 22, 57, 21, 95, 50, 40, 57, 73, 23, 9, 30, 7, 10]
[79, 55, 71, 58, 93, 111, 63, 49, 77, 77, 70, 62, 49, 53, 24, 38, 72, 68, 112, 19, 10, 51, 36, 7, 3, 56, 29, 13, 94, 39, 72, 35, 90, 91, 116, 41, 120, 72, 31, 53, 46, 4, 56, 53, 39]
[71, 68, 97, 86, 53, 93, 41, 82, 43, 59, 22, 67, 47, 118, 97, 112, 44, 45, 53, 69, 41, 31, 15, 77, 96, 62, 87, 45, 38, 54, 30, 41, 72, 9, 122, 77, 10, 55, 49, 110, 43, 107, 13, 18, 30]
[31, 6, 54, 102, 28, 120, 72, 114, 63, 41, 43, 28, 40, 106, 54, 63, 21, 40, 2, 7, 43, 62, 41, 45, 59, 84, 42, 9, 114, 99, 50, 111, 41, 68, 98, 104, 60, 6, 10, 86, 67, 41, 112, 10, 104]
[78, 17, 20, 65, 31, 84, 107, 95, 29, 39, 102, 33, 104, 43, 55, 91, 119, 101, 3, 26, 22, 6, 95, 19, 70, 52, 23, 63, 83, 79, 101, 98, 45, 38, 36, 93, 62, 93, 53, 105, 22, 39, 10, 87, 45]
[114, 38, 100, 93, 38, 102, 82, 117, 74, 108, 91, 116, 59, 59, 22, 71, 85, 57, 109, 49, 69, 79, 29, 21, 0, 68, 104, 99, 19, 110, 41, 30, 65, 36, 11, 97, 38, 93, 53, 66, 2, 21, 21, 26, 10]
[98, 86, 38, 4, 35, 23, 70, 62, 73, 32, 91, 86, 83, 39, 92, 122, 91, 90, 6, 30, 9, 97, 55, 105, 83, 54, 37, 45, 7, 71, 96, 61, 111, 9, 35, 48, 102, 46, 79, 77, 86, 73, 53, 10, 112]
[29, 62, 92, 112, 90, 54, 110, 105, 47, 115, 105, 70, 39, 52, 46, 21, 90, 70, 121, 104, 105, 65, 96, 57, 63, 29, 41, 116, 45, 2, 53, 29, 102, 38, 28, 41, 21, 55, 110, 10, 56, 38, 99, 55, 39]
[79, 84, 20, 66, 11, 66, 52, 1, 108, 9, 86, 67, 96, 72, 51, 32, 98, 48, 6, 87, 97, 36, 0, 123, 74, 87, 117, 76, 50, 94, 35, 90, 29, 11, 118, 103, 113, 23, 20, 87, 7, 71, 6, 103, 10]
[85, 19, 59, 61, 30, 47, 24, 92, 98, 57, 103, 119, 72, 51, 101, 14, 35, 98, 99, 4, 88, 88, 72, 113, 96, 44, 4, 99, 98, 49, 2, 48, 105, 87, 45, 65, 3, 44, 114, 42, 68, 120, 36, 40, 56]
[1, 98, 71, 20, 122, 63, 54, 44, 97, 64, 105, 97, 17, 10, 11, 26, 110, 93, 73, 76, 102, 116, 105, 53, 46, 65, 17, 76, 36, 79, 56, 55, 39, 16, 5, 100, 34, 60, 61, 79, 97, 82, 97, 110, 10]
[73, 7, 43, 69, 2, 74, 92, 31, 29, 38, 119, 36, 10, 56, 69, 39, 81, 24, 3, 109, 121, 113, 103, 120, 73, 54, 71, 23, 15, 2, 13, 88, 111, 107, 21, 61, 10, 54, 101, 110, 110, 6, 7, 99, 21]
[38, 103, 25, 58, 39, 69, 51, 53, 97, 25, 72, 32, 72, 108, 60, 21, 86, 31, 112, 74, 5, 45, 104, 46, 7, 29, 23, 84, 87, 40, 37, 91, 50, 40, 45, 103, 97, 115, 26, 65, 39, 93, 107, 10, 88]
[61, 72, 103, 112, 96, 68, 68, 16, 8, 56, 14, 39, 34, 64, 110, 89, 50, 19, 117, 26, 100, 121, 10, 7, 83, 111, 72, 107, 103, 25, 8, 26, 100, 90, 2, 109, 21, 116, 28, 94, 104, 120, 49, 72, 101]
[55, 12, 65, 34, 23, 45, 114, 59, 19, 112, 43, 38, 77, 96, 123, 97, 48, 90, 26, 4, 28, 64, 110, 44, 96, 12, 83, 53, 51, 39, 53, 109, 10, 67, 109, 17, 64, 29, 70, 10, 96, 122, 44, 87, 31]
[30, 2, 80, 29, 41, 50, 89, 119, 89, 104, 66, 123, 6, 81, 109, 94, 60, 100, 86, 25, 38, 67, 38, 106, 71, 108, 18, 50, 43, 53, 119, 8, 42, 57, 66, 31, 12, 10, 22, 101, 51, 26, 83, 6, 84]
[57, 105, 69, 108, 98, 47, 61, 63, 13, 106, 60, 54, 69, 78, 23, 28, 58, 6, 95, 55, 76, 27, 123, 118, 105, 47, 33, 86, 77, 64, 61, 2, 40, 46, 23, 40, 74, 15, 123, 47, 111, 52, 2, 70, 37]
[47, 92, 50, 22, 82, 112, 17, 1, 17, 104, 104, 57, 70, 9, 48, 68, 22, 108, 82, 59, 38, 10, 53, 88, 110, 26, 92, 42, 8, 4, 47, 102, 82, 11, 97, 94, 110, 77, 36, 49, 10, 86, 12, 55, 53]
[45, 9, 19, 38, 8, 123, 118, 4, 81, 39, 15, 60, 77, 21, 66, 34, 88, 33, 37, 23, 47, 50, 123, 61, 121, 103, 86, 47, 57, 114, 121, 49, 33, 40, 53, 61, 95, 64, 5, 10, 84, 114, 25, 37, 0]
[27, 52, 25, 3, 107, 5, 19, 43, 109, 114, 50, 64, 44, 61, 13, 85, 50, 27, 59, 1, 98, 69, 87, 101, 36, 93, 37, 64, 120, 121, 122, 68, 70, 113, 121, 19, 106, 99, 117, 31, 68, 79, 11, 13, 30]
[21, 114, 107, 29, 41, 46, 20, 105, 26, 93, 86, 42, 11, 36, 30, 36, 97, 18, 13, 94, 26, 119, 88, 64, 10, 53, 47, 67, 111, 14, 63, 30, 3, 87, 97, 40, 114, 68, 4, 21, 112, 13, 55, 7, 20]
[91, 2, 80, 59, 34, 29, 108, 121, 13, 41, 45, 59, 117, 22, 30, 111, 4, 70, 83, 3, 21, 6, 73, 101, 15, 6, 25, 35, 20, 49, 34, 65, 91, 104, 3, 24, 109, 84, 116, 107, 26, 30, 19, 68, 10]
[98, 55, 45, 3, 79, 59, 23, 72, 88, 29, 93, 36, 10, 47, 103, 39, 15, 84, 3, 109, 121, 28, 105, 120, 17, 34, 119, 33, 111, 115, 17, 41, 67, 48, 67, 25, 53, 65, 40, 33, 74, 8, 53, 21, 102]
[29, 56, 35, 106, 41, 36, 108, 117, 109, 37, 39, 34, 2, 83, 106, 87, 94, 67, 33, 27, 106, 5, 86, 93, 27, 22, 102, 0, 42, 122, 103, 56, 23, 43, 52, 10, 69, 41, 61, 91, 67, 14, 37, 106, 18]
[109, 13, 113, 97, 66, 18, 45, 83, 5, 30, 10, 77, 54, 92, 18, 102, 53, 86, 26, 49, 121, 35, 4, 31, 46, 96, 3, 38, 105, 70, 89, 30, 26, 109, 61, 106, 66, 83, 39, 110, 53, 105, 55, 97, 10]
[54, 108, 19, 121, 47, 47, 38, 97, 79, 44, 37, 118, 122, 21, 83, 86, 39, 48, 73, 86, 49, 14, 90, 67, 99, 36, 110, 31, 53, 36, 55, 111, 97, 116, 15, 53, 115, 115, 97, 6, 90, 4, 26, 10, 97]
[51, 104, 21, 64, 76, 55, 109, 73, 8, 5, 110, 97, 104, 3, 79, 13, 39, 16, 57, 0, 102, 64, 62, 17, 72, 85, 53, 23, 110, 115, 107, 116, 31, 40, 91, 38, 17, 50, 113, 67, 77, 10, 82, 29, 115]
[34, 113, 10, 102, 53, 48, 116, 16, 15, 58, 34, 63, 90, 8, 18, 73, 7, 85, 114, 65, 50, 12, 6, 17, 85, 31, 109, 58, 19, 38, 107, 44, 91, 97, 44, 18, 17, 45, 10, 83, 30, 10, 100, 110, 2]
[23, 46, 85, 53, 119, 3, 71, 89, 29, 33, 60, 26, 33, 106, 117, 8, 101, 64, 38, 58, 112, 14, 38, 71, 35, 89, 39, 99, 94, 23, 95, 32, 41, 88, 40, 25, 47, 51, 121, 53, 13, 49, 97, 37, 10]
[102, 34, 59, 13, 3, 94, 46, 55, 58, 23, 21, 53, 116, 103, 47, 55, 16, 41, 29, 73, 111, 29, 10, 32, 71, 34, 45, 83, 87, 36, 25, 86, 8, 53, 51, 113, 47, 17, 10, 40, 101, 39, 41, 100, 29]
[45, 112, 97, 50, 16, 34, 46, 113, 54, 16, 13, 14, 91, 24, 39, 85, 3, 107, 63, 61, 83, 95, 76, 58, 18, 79, 81, 106, 68, 101, 102, 34, 20, 105, 75, 53, 101, 71, 33, 98, 14, 42, 99, 28, 47]
[42, 61, 30, 3, 44, 10, 114, 37, 44, 38, 40, 77, 61, 72, 107, 60, 69, 110, 7, 116, 13, 29, 116, 62, 47, 110, 97, 0, 42, 31, 103, 56, 23, 94, 52, 10, 83, 39, 93, 7, 95, 4, 42, 39, 45]
[71, 42, 77, 106, 13, 82, 109, 0, 21, 14, 22, 27, 71, 120, 65, 32, 72, 70, 103, 25, 30, 79, 113, 5, 3, 61, 123, 9, 59, 114, 105, 62, 54, 4, 116, 36, 56, 54, 61, 51, 21, 10, 15, 107, 112]
[24, 4, 35, 26, 12, 90, 41, 98, 82, 4, 112, 0, 62, 24, 112, 2, 19, 10, 91, 2, 87, 1, 106, 99, 11, 22, 56, 117, 42, 121, 101, 110, 43, 29, 39, 36, 26, 95, 83, 19, 83, 60, 45, 85, 52]
[71, 98, 45, 86, 73, 91, 3, 98, 31, 103, 116, 53, 69, 47, 102, 82, 21, 10, 85, 33, 24, 73, 93, 34, 107, 8, 26, 111, 83, 72, 41, 65, 111, 76, 54, 1, 13, 76, 30, 97, 8, 4, 110, 101, 30]
[76, 109, 2, 117, 96, 95, 46, 41, 28, 19, 19, 35, 97, 82, 46, 71, 21, 105, 41, 8, 121, 43, 113, 97, 101, 40, 48, 17, 13, 118, 67, 5, 114, 28, 19, 62, 5, 28, 23, 3, 112, 38, 10, 91, 112]
[30, 79, 106, 90, 116, 76, 57, 116, 116, 95, 66, 63, 70, 88, 98, 22, 32, 94, 74, 60, 67, 93, 112, 107, 83, 87, 73, 11, 58, 10, 33, 56, 20, 123, 95, 91, 25, 94, 74, 110, 111, 92, 10, 120, 29]
[30, 48, 99, 97, 30, 93, 64, 92, 116, 63, 9, 123, 107, 100, 88, 90, 14, 49, 30, 9, 45, 62, 112, 107, 83, 58, 73, 11, 58, 104, 10, 99, 1, 46, 44, 91, 55, 94, 28, 53, 111, 92, 29, 120, 61]
[74, 96, 103, 110, 0, 18, 100, 76, 90, 61, 119, 37, 94, 47, 14, 35, 35, 9, 118, 63, 109, 92, 109, 22, 6, 42, 39, 52, 55, 112, 71, 113, 48, 20, 73, 102, 55, 65, 13, 58, 71, 18, 70, 56, 71]
[28, 105, 48, 32, 88, 58, 104, 42, 76, 73, 43, 105, 38, 110, 53, 119, 38, 63, 121, 57, 98, 109, 122, 86, 95, 59, 12, 79, 11, 10, 53, 120, 110, 8, 62, 61, 68, 38, 31, 21, 102, 39, 101, 93, 55]
[32, 107, 117, 62, 25, 72, 101, 73, 98, 24, 72, 39, 19, 69, 45, 87, 18, 47, 92, 26, 80, 71, 104, 101, 97, 113, 93, 6, 88, 40, 44, 14, 104, 64, 108, 107, 58, 51, 111, 45, 113, 48, 0, 84, 64]
[82, 39, 120, 71, 33, 109, 103, 3, 116, 53, 33, 97, 113, 27, 61, 111, 31, 41, 24, 69, 79, 29, 71, 95, 63, 36, 91, 103, 26, 117, 90, 15, 39, 55, 100, 72, 47, 90, 10, 0, 4, 107, 87, 53, 45]
[74, 96, 103, 110, 0, 18, 100, 76, 90, 61, 119, 37, 94, 47, 14, 35, 35, 121, 97, 109, 90, 4, 109, 60, 93, 42, 39, 52, 55, 112, 71, 113, 48, 20, 73, 102, 55, 65, 13, 58, 71, 18, 70, 56, 71]
[91, 49, 83, 77, 77, 109, 12, 47, 44, 46, 86, 43, 24, 31, 40, 34, 32, 42, 115, 67, 45, 85, 46, 95, 10, 114, 111, 20, 81, 80, 108, 47, 82, 16, 102, 37, 23, 71, 83, 48, 120, 10, 101, 47, 79]
[21, 89, 16, 5, 76, 41, 48, 32, 110, 36, 53, 11, 49, 43, 42, 97, 47, 63, 26, 15, 110, 115, 6, 40, 65, 39, 38, 65, 83, 34, 19, 30, 1, 66, 26, 51, 91, 21, 38, 73, 10, 39, 28, 44, 102]
[29, 13, 2, 6, 84, 72, 96, 6, 33, 36, 37, 42, 90, 89, 40, 1, 86, 49, 59, 107, 112, 15, 112, 5, 29, 94, 81, 35, 41, 119, 15, 69, 53, 49, 44, 112, 10, 118, 116, 62, 51, 110, 30, 55, 12]
[24, 108, 80, 84, 114, 123, 3, 70, 98, 57, 118, 84, 44, 3, 101, 46, 97, 43, 91, 64, 95, 53, 110, 121, 74, 10, 48, 68, 71, 106, 110, 91, 29, 32, 26, 55, 18, 1, 90, 38, 55, 53, 52, 22, 29]
[81, 32, 17, 7, 118, 24, 20, 104, 81, 84, 38, 21, 43, 119, 122, 113, 78, 31, 97, 52, 51, 43, 22, 83, 114, 111, 62, 98, 102, 54, 116, 0, 28, 106, 116, 114, 56, 54, 61, 51, 21, 10, 109, 79, 5]
[33, 94, 7, 7, 103, 29, 80, 69, 73, 77, 118, 87, 58, 5, 20, 93, 100, 19, 34, 33, 83, 24, 57, 8, 42, 2, 52, 79, 110, 1, 53, 1, 5, 90, 40, 99, 16, 17, 93, 115, 26, 102, 4, 46, 4]
[41, 61, 65, 96, 32, 18, 21, 101, 94, 97, 45, 91, 39, 31, 78, 39, 72, 95, 1, 88, 115, 117, 97, 86, 68, 39, 4, 111, 93, 107, 14, 117, 19, 95, 35, 18, 8, 21, 60, 39, 73, 21, 41, 86, 109]
[20, 98, 15, 2, 97, 66, 75, 12, 112, 21, 46, 61, 56, 50, 1, 101, 122, 45, 76, 103, 66, 115, 30, 71, 49, 29, 68, 108, 15, 53, 66, 70, 85, 85, 109, 93, 21, 10, 102, 116, 117, 30, 41, 39, 30]
[91, 22, 53, 76, 68, 102, 111, 29, 13, 74, 7, 87, 122, 44, 10, 84, 54, 86, 113, 55, 4, 20, 28, 71, 44, 84, 19, 120, 89, 18, 41, 26, 107, 87, 0, 97, 92, 40, 82, 58, 44, 43, 8, 10, 21]
[45, 99, 77, 20, 87, 115, 104, 48, 73, 62, 47, 28, 85, 4, 122, 50, 16, 0, 0, 68, 1, 98, 54, 78, 117, 116, 54, 73, 42, 1, 51, 108, 56, 111, 114, 116, 103, 33, 58, 32, 18, 36, 109, 77, 53]
[96, 68, 6, 59, 100, 41, 95, 54, 112, 1, 14, 39, 34, 64, 110, 89, 50, 19, 117, 117, 100, 121, 10, 7, 83, 111, 72, 117, 103, 72, 8, 26, 100, 89, 119, 61, 107, 111, 74, 105, 56, 84, 49, 109, 90]
[25, 86, 0, 39, 83, 55, 34, 117, 38, 53, 64, 66, 109, 30, 17, 105, 101, 75, 114, 48, 1, 59, 57, 80, 80, 45, 101, 97, 30, 122, 6, 67, 26, 29, 81, 8, 20, 80, 77, 94, 50, 10, 34, 59, 30]
[10, 29, 87, 109, 29, 90, 43, 20, 84, 118, 25, 39, 88, 7, 14, 50, 97, 118, 102, 39, 53, 8, 4, 73, 105, 116, 49, 0, 37, 26, 103, 81, 109, 41, 112, 61, 36, 7, 94, 76, 39, 38, 109, 10, 19]
[109, 61, 103, 88, 83, 26, 107, 64, 19, 84, 32, 121, 76, 21, 82, 94, 71, 101, 104, 38, 66, 87, 115, 10, 80, 8, 81, 61, 58, 34, 83, 99, 116, 89, 105, 69, 39, 104, 61, 83, 95, 12, 111, 59, 114]
[29, 3, 84, 17, 58, 114, 49, 113, 120, 119, 36, 25, 23, 22, 61, 58, 41, 117, 118, 79, 18, 26, 1, 55, 5, 30, 9, 103, 34, 82, 31, 82, 19, 94, 71, 17, 68, 46, 46, 73, 61, 117, 9, 70, 22]
[114, 30, 80, 24, 91, 98, 93, 28, 46, 23, 108, 41, 69, 7, 106, 16, 78, 35, 33, 21, 113, 89, 17, 57, 36, 94, 55, 84, 11, 109, 34, 53, 74, 91, 68, 6, 110, 2, 40, 28, 116, 0, 7, 33, 97]
[97, 53, 77, 111, 9, 94, 55, 28, 2, 8, 36, 87, 1, 117, 41, 58, 80, 76, 121, 29, 80, 63, 33, 56, 30, 111, 11, 53, 109, 78, 17, 16, 103, 30, 105, 88, 39, 47, 10, 0, 6, 41, 52, 58, 62]
[74, 96, 103, 110, 0, 18, 100, 76, 90, 61, 119, 37, 94, 47, 14, 35, 35, 34, 23, 63, 109, 92, 109, 60, 93, 42, 39, 52, 55, 112, 71, 113, 48, 20, 73, 102, 55, 65, 13, 58, 71, 18, 70, 56, 71]
[61, 6, 110, 91, 75, 75, 26, 12, 118, 83, 52, 67, 30, 82, 107, 113, 48, 67, 122, 10, 56, 83, 30, 6, 85, 73, 112, 79, 72, 29, 86, 113, 13, 77, 89, 102, 107, 107, 56, 47, 103, 113, 57, 88, 22]
[79, 84, 20, 66, 11, 1, 52, 1, 13, 9, 86, 67, 96, 72, 51, 107, 82, 67, 104, 20, 103, 48, 87, 44, 22, 69, 90, 101, 96, 84, 81, 2, 99, 38, 42, 58, 45, 60, 5, 105, 102, 63, 86, 103, 10]
[102, 25, 104, 12, 103, 89, 53, 37, 41, 81, 22, 9, 73, 25, 42, 32, 97, 121, 40, 9, 88, 73, 46, 24, 123, 42, 30, 86, 7, 83, 10, 61, 53, 62, 14, 17, 19, 71, 102, 85, 112, 21, 38, 54, 65]
[91, 3, 96, 53, 21, 31, 59, 6, 98, 24, 10, 39, 50, 69, 45, 81, 6, 92, 24, 48, 116, 57, 88, 36, 91, 62, 1, 39, 17, 88, 96, 89, 111, 91, 20, 25, 24, 111, 106, 4, 109, 85, 98, 72, 69]
[71, 54, 76, 26, 47, 12, 3, 69, 36, 121, 97, 31, 98, 41, 85, 59, 86, 30, 103, 39, 42, 53, 113, 51, 24, 21, 48, 53, 57, 83, 10, 119, 33, 94, 33, 61, 26, 8, 3, 14, 85, 48, 63, 71, 30]
[111, 53, 33, 10, 3, 92, 99, 103, 83, 65, 51, 123, 56, 40, 101, 92, 6, 112, 56, 86, 111, 121, 38, 14, 34, 45, 29, 32, 58, 93, 40, 33, 120, 91, 68, 82, 63, 44, 86, 94, 76, 9, 94, 99, 35]
[120, 84, 28, 53, 54, 86, 52, 18, 29, 113, 87, 56, 63, 35, 98, 62, 9, 9, 18, 86, 21, 120, 22, 14, 75, 52, 101, 37, 95, 79, 89, 27, 18, 112, 10, 77, 74, 27, 113, 73, 109, 74, 97, 77, 66]
[111, 12, 41, 19, 16, 2, 1, 1, 29, 66, 12, 77, 53, 39, 38, 113, 16, 91, 10, 67, 79, 105, 103, 23, 14, 87, 51, 106, 92, 14, 44, 73, 30, 103, 11, 116, 86, 36, 31, 10, 0, 2, 17, 0, 22]
[53, 76, 39, 47, 11, 55, 107, 64, 19, 14, 22, 89, 76, 69, 80, 113, 78, 98, 97, 21, 56, 87, 115, 68, 92, 38, 97, 116, 56, 117, 44, 60, 51, 119, 81, 82, 39, 104, 39, 58, 95, 53, 74, 59, 10]
[92, 89, 82, 106, 123, 68, 30, 97, 33, 45, 98, 80, 60, 120, 122, 57, 38, 19, 60, 103, 51, 86, 38, 95, 93, 19, 17, 15, 113, 97, 1, 10, 37, 5, 7, 90, 120, 44, 41, 91, 109, 4, 85, 108, 21]
[69, 47, 91, 79, 14, 80, 115, 79, 13, 86, 34, 92, 59, 29, 77, 10, 56, 121, 66, 92, 91, 41, 16, 92, 7, 19, 73, 0, 38, 26, 6, 112, 93, 33, 26, 97, 1, 33, 18, 55, 31, 42, 28, 37, 18]
[113, 114, 35, 29, 41, 50, 20, 34, 81, 103, 110, 72, 110, 123, 91, 121, 45, 123, 50, 85, 1, 62, 80, 50, 108, 69, 56, 78, 72, 2, 77, 55, 103, 87, 73, 22, 57, 43, 96, 86, 102, 0, 99, 7, 21]
[104, 13, 104, 11, 14, 15, 42, 9, 64, 89, 46, 96, 39, 61, 64, 100, 33, 59, 92, 84, 45, 10, 71, 16, 44, 102, 53, 8, 97, 117, 108, 6, 10, 41, 106, 8, 95, 43, 113, 83, 53, 19, 117, 25, 20]
[21, 7, 114, 20, 123, 86, 14, 24, 82, 18, 109, 67, 59, 90, 114, 30, 111, 17, 116, 81, 47, 103, 99, 1, 123, 6, 64, 111, 114, 120, 68, 33, 35, 20, 46, 10, 57, 88, 1, 60, 53, 19, 77, 24, 59]
[26, 114, 82, 47, 63, 47, 105, 119, 13, 39, 115, 105, 44, 99, 39, 38, 123, 99, 96, 47, 28, 106, 65, 29, 53, 25, 85, 111, 106, 101, 50, 113, 8, 97, 117, 11, 105, 28, 10, 4, 96, 117, 53, 106, 42]
[33, 82, 107, 5, 6, 50, 20, 34, 81, 59, 30, 89, 6, 43, 66, 28, 113, 19, 4, 123, 33, 28, 99, 123, 91, 83, 45, 36, 2, 64, 37, 1, 79, 90, 63, 85, 113, 100, 85, 106, 56, 39, 46, 46, 62]
[75, 48, 99, 97, 61, 69, 60, 73, 67, 24, 117, 29, 119, 27, 97, 25, 72, 86, 26, 38, 64, 13, 75, 24, 2, 111, 94, 44, 24, 41, 121, 36, 28, 89, 36, 91, 55, 94, 28, 53, 111, 92, 36, 120, 77]
[85, 19, 90, 74, 30, 47, 24, 92, 57, 4, 103, 119, 72, 49, 48, 40, 66, 49, 12, 9, 48, 109, 31, 107, 31, 102, 111, 102, 35, 1, 8, 20, 111, 76, 10, 62, 98, 78, 14, 50, 64, 120, 36, 40, 56]
[34, 70, 59, 34, 111, 76, 38, 101, 95, 116, 65, 52, 3, 5, 46, 25, 97, 101, 53, 117, 122, 35, 50, 23, 37, 28, 49, 68, 110, 46, 37, 19, 12, 86, 97, 10, 55, 53, 44, 91, 6, 21, 41, 92, 39]
[112, 99, 86, 91, 92, 99, 21, 13, 123, 120, 84, 46, 70, 41, 98, 35, 117, 55, 7, 119, 100, 30, 79, 91, 0, 73, 15, 36, 77, 38, 91, 111, 46, 58, 10, 28, 97, 115, 10, 38, 122, 30, 53, 26, 97]
[40, 79, 119, 120, 80, 117, 16, 29, 76, 60, 70, 49, 91, 97, 74, 53, 32, 109, 14, 41, 42, 39, 35, 117, 101, 8, 5, 52, 104, 120, 87, 57, 27, 6, 55, 30, 22, 56, 60, 0, 110, 37, 78, 102, 72]
[93, 38, 100, 41, 97, 80, 86, 8, 46, 42, 22, 4, 62, 120, 65, 123, 72, 39, 103, 55, 67, 28, 78, 5, 3, 109, 14, 55, 98, 91, 58, 73, 14, 50, 85, 53, 14, 18, 55, 51, 21, 10, 8, 46, 111]
[96, 27, 19, 34, 49, 30, 118, 109, 110, 59, 106, 86, 5, 111, 117, 42, 69, 30, 73, 116, 6, 10, 29, 53, 70, 103, 28, 87, 106, 45, 41, 65, 83, 21, 95, 40, 79, 53, 7, 10, 94, 6, 91, 25, 60]
[98, 29, 24, 102, 118, 111, 34, 82, 81, 114, 107, 53, 39, 60, 18, 49, 117, 85, 46, 36, 74, 29, 17, 71, 55, 41, 119, 53, 92, 10, 57, 52, 47, 9, 36, 92, 39, 53, 61, 16, 115, 48, 60, 10, 24]
[113, 34, 77, 77, 9, 0, 55, 28, 2, 47, 68, 103, 1, 117, 41, 58, 31, 76, 121, 72, 113, 24, 85, 10, 51, 93, 34, 79, 116, 53, 107, 42, 68, 108, 45, 74, 38, 17, 10, 0, 60, 92, 89, 52, 97]
[37, 81, 78, 70, 32, 41, 26, 60, 68, 93, 118, 13, 64, 42, 86, 39, 17, 40, 79, 76, 90, 33, 7, 35, 4, 11, 47, 71, 93, 86, 3, 115, 97, 113, 110, 25, 83, 21, 53, 72, 15, 101, 109, 101, 21]
[78, 42, 104, 85, 100, 13, 59, 0, 57, 61, 105, 121, 93, 115, 5, 95, 5, 13, 64, 93, 80, 96, 120, 64, 93, 96, 84, 44, 78, 93, 41, 30, 60, 83, 79, 2, 96, 53, 90, 18, 60, 76, 22, 30, 38]
[91, 121, 51, 107, 82, 66, 38, 117, 6, 104, 20, 70, 116, 86, 89, 2, 93, 13, 86, 30, 87, 98, 97, 22, 53, 22, 103, 93, 17, 108, 76, 97, 18, 80, 90, 7, 67, 70, 56, 70, 51, 39, 113, 41, 10]
[32, 85, 4, 12, 39, 110, 53, 40, 68, 27, 23, 77, 123, 47, 100, 90, 113, 7, 112, 122, 69, 88, 77, 93, 96, 18, 118, 69, 105, 103, 110, 29, 111, 18, 116, 29, 0, 90, 15, 10, 74, 0, 53, 55, 38]
[97, 22, 99, 26, 89, 46, 118, 62, 97, 102, 120, 95, 71, 61, 21, 16, 2, 78, 56, 99, 73, 16, 116, 77, 51, 23, 112, 8, 108, 118, 77, 47, 31, 39, 4, 58, 40, 29, 13, 95, 99, 94, 52, 12, 15]
[112, 66, 107, 115, 11, 61, 91, 44, 89, 88, 5, 98, 26, 7, 120, 32, 89, 52, 76, 104, 52, 97, 80, 11, 21, 96, 8, 82, 20, 23, 84, 110, 54, 3, 96, 57, 13, 120, 26, 10, 62, 29, 53, 56, 28]
[93, 20, 122, 51, 122, 71, 75, 60, 46, 72, 33, 48, 85, 38, 16, 22, 107, 102, 57, 111, 15, 98, 3, 93, 77, 1, 45, 2, 66, 100, 52, 98, 68, 43, 93, 120, 87, 49, 59, 14, 66, 68, 56, 61, 13]
[103, 87, 6, 10, 43, 54, 88, 112, 36, 2, 26, 25, 88, 0, 110, 105, 47, 61, 43, 7, 84, 83, 74, 33, 25, 19, 81, 28, 42, 20, 97, 34, 65, 74, 15, 110, 67, 74, 29, 10, 81, 8, 103, 36, 28]
[96, 24, 3, 113, 79, 108, 22, 90, 75, 94, 28, 110, 77, 38, 82, 40, 66, 49, 25, 78, 48, 109, 31, 84, 31, 102, 111, 10, 71, 90, 56, 20, 12, 112, 24, 24, 15, 10, 63, 56, 46, 13, 61, 47, 54]
[18, 101, 16, 7, 37, 91, 30, 121, 116, 9, 2, 39, 120, 20, 114, 2, 87, 92, 6, 104, 40, 8, 7, 56, 82, 90, 35, 71, 55, 65, 2, 21, 47, 88, 53, 91, 47, 66, 39, 62, 10, 49, 22, 112, 36]
[40, 93, 100, 90, 86, 103, 60, 80, 36, 65, 111, 23, 83, 71, 15, 30, 39, 81, 82, 1, 89, 79, 81, 95, 43, 48, 114, 53, 33, 25, 21, 45, 94, 82, 61, 39, 46, 111, 108, 52, 110, 4, 22, 28, 34]
[41, 29, 28, 29, 28, 64, 46, 52, 12, 61, 119, 104, 36, 48, 26, 106, 53, 58, 41, 33, 0, 12, 112, 105, 92, 80, 94, 36, 29, 67, 99, 53, 10, 71, 111, 10, 47, 55, 97, 26, 30, 42, 55, 21, 1]
[98, 24, 120, 42, 70, 64, 90, 109, 5, 66, 74, 56, 78, 119, 92, 25, 117, 46, 25, 6, 23, 85, 61, 1, 116, 123, 19, 108, 89, 48, 122, 117, 4, 101, 69, 32, 33, 93, 105, 111, 18, 23, 21, 86, 78]
[13, 73, 106, 94, 45, 21, 50, 65, 91, 121, 58, 106, 48, 22, 23, 56, 70, 121, 23, 112, 59, 46, 8, 99, 79, 102, 117, 84, 59, 110, 39, 73, 12, 0, 105, 68, 37, 52, 112, 108, 120, 8, 76, 77, 67]
[76, 109, 2, 92, 82, 95, 107, 59, 28, 19, 19, 112, 18, 5, 111, 70, 100, 45, 34, 33, 83, 21, 113, 86, 59, 6, 52, 116, 107, 99, 45, 99, 102, 12, 23, 37, 90, 83, 116, 107, 26, 30, 19, 68, 10]
[70, 50, 13, 17, 10, 14, 90, 43, 8, 24, 72, 59, 44, 8, 11, 70, 103, 117, 64, 94, 96, 34, 105, 51, 66, 102, 65, 96, 123, 108, 97, 110, 53, 3, 17, 9, 14, 73, 48, 123, 95, 31, 10, 38, 39]
[109, 96, 64, 17, 101, 122, 118, 50, 4, 38, 111, 122, 83, 29, 108, 98, 32, 12, 74, 113, 10, 5, 118, 24, 28, 111, 64, 76, 46, 74, 115, 76, 35, 11, 56, 115, 73, 122, 25, 52, 110, 107, 53, 63, 42]
[6, 55, 114, 84, 12, 84, 119, 24, 94, 86, 37, 42, 98, 66, 46, 53, 92, 78, 39, 95, 61, 109, 110, 41, 95, 53, 43, 99, 75, 11, 28, 112, 103, 6, 115, 32, 14, 112, 115, 109, 73, 36, 22, 106, 15]
[30, 14, 80, 59, 34, 5, 42, 119, 89, 104, 66, 46, 98, 81, 109, 52, 60, 123, 104, 112, 1, 81, 107, 50, 108, 26, 56, 78, 33, 2, 77, 55, 103, 92, 73, 22, 57, 10, 28, 24, 33, 44, 101, 73, 84]
[30, 48, 74, 43, 61, 93, 64, 99, 116, 63, 9, 83, 107, 117, 88, 115, 98, 49, 30, 38, 66, 87, 115, 49, 53, 58, 73, 22, 58, 104, 10, 99, 53, 54, 67, 91, 55, 94, 28, 53, 111, 56, 21, 120, 77]
[114, 8, 64, 39, 5, 18, 99, 114, 41, 23, 104, 25, 23, 89, 116, 104, 119, 106, 4, 62, 94, 121, 49, 31, 10, 68, 53, 102, 48, 16, 118, 72, 49, 119, 76, 68, 6, 7, 60, 62, 108, 85, 116, 38, 41]
[81, 32, 107, 114, 118, 4, 20, 104, 81, 84, 66, 21, 56, 74, 8, 105, 30, 72, 104, 119, 66, 43, 75, 83, 114, 111, 62, 98, 102, 54, 121, 36, 28, 30, 81, 82, 39, 102, 63, 28, 18, 63, 109, 70, 5]
[3, 23, 17, 49, 69, 6, 88, 93, 87, 85, 99, 84, 54, 100, 81, 37, 76, 10, 91, 115, 87, 60, 63, 40, 60, 12, 56, 15, 7, 121, 19, 24, 112, 81, 14, 63, 50, 8, 49, 48, 91, 109, 46, 93, 24]
[120, 46, 108, 78, 106, 18, 71, 91, 108, 20, 42, 86, 96, 31, 84, 107, 98, 41, 19, 25, 44, 52, 10, 7, 110, 109, 23, 98, 103, 70, 89, 59, 54, 24, 91, 59, 76, 83, 34, 39, 109, 123, 62, 45, 15]
[96, 53, 10, 122, 111, 17, 105, 59, 43, 102, 108, 122, 82, 11, 43, 19, 39, 80, 63, 23, 7, 22, 80, 59, 42, 53, 52, 64, 4, 79, 35, 34, 110, 85, 42, 114, 100, 4, 99, 123, 38, 63, 55, 50, 53]
[82, 102, 74, 92, 98, 56, 84, 27, 74, 9, 86, 67, 96, 72, 51, 32, 98, 48, 39, 87, 117, 36, 96, 109, 60, 51, 102, 100, 62, 91, 111, 56, 69, 11, 42, 58, 45, 12, 5, 105, 102, 63, 86, 72, 10]
[119, 89, 1, 69, 119, 110, 97, 76, 116, 96, 7, 113, 6, 16, 49, 119, 5, 0, 63, 103, 82, 100, 40, 110, 62, 41, 106, 19, 51, 36, 7, 1, 117, 81, 54, 10, 97, 74, 5, 93, 44, 71, 91, 83, 76]
[84, 0, 14, 19, 90, 46, 8, 98, 107, 41, 88, 10, 121, 56, 3, 51, 85, 6, 53, 24, 89, 71, 51, 85, 109, 50, 56, 26, 43, 10, 119, 49, 44, 12, 111, 102, 3, 97, 104, 122, 25, 41, 23, 6, 53]
[37, 23, 116, 7, 9, 42, 85, 0, 51, 83, 39, 30, 78, 65, 63, 121, 87, 10, 16, 55, 101, 83, 52, 86, 97, 48, 91, 47, 47, 26, 13, 73, 41, 20, 109, 54, 42, 30, 41, 16, 43, 54, 10, 119, 53]
[76, 31, 77, 107, 74, 19, 32, 35, 16, 47, 122, 64, 64, 69, 56, 50, 46, 121, 105, 9, 20, 111, 90, 119, 103, 109, 98, 29, 119, 36, 31, 117, 120, 110, 36, 66, 14, 53, 77, 97, 15, 96, 99, 41, 10]
[90, 105, 46, 8, 83, 44, 56, 69, 91, 38, 104, 98, 118, 118, 98, 29, 62, 110, 33, 123, 94, 47, 56, 89, 84, 121, 122, 118, 73, 82, 24, 42, 32, 4, 76, 102, 93, 82, 36, 22, 94, 28, 5, 62, 99]
[104, 120, 104, 37, 28, 51, 114, 72, 88, 9, 12, 36, 10, 52, 102, 123, 36, 84, 28, 21, 39, 28, 105, 120, 28, 78, 58, 51, 77, 102, 59, 76, 30, 89, 67, 73, 87, 4, 110, 44, 83, 53, 43, 39, 55]
[109, 113, 59, 16, 96, 38, 106, 61, 84, 43, 7, 9, 60, 11, 119, 2, 57, 63, 105, 122, 105, 90, 68, 48, 104, 25, 106, 92, 32, 33, 113, 62, 19, 115, 42, 97, 7, 103, 24, 74, 59, 107, 53, 55, 42]
[33, 68, 30, 101, 90, 29, 5, 5, 103, 26, 102, 11, 77, 12, 93, 68, 117, 92, 98, 80, 12, 93, 14, 39, 58, 80, 15, 33, 112, 97, 20, 9, 10, 18, 93, 18, 37, 30, 121, 83, 3, 10, 83, 24, 106]
[85, 42, 59, 61, 30, 47, 24, 92, 57, 57, 103, 119, 72, 32, 101, 14, 35, 98, 99, 4, 83, 88, 72, 113, 96, 44, 4, 99, 58, 62, 111, 11, 86, 21, 86, 11, 43, 114, 19, 118, 24, 120, 36, 40, 56]
[18, 63, 14, 40, 118, 57, 41, 29, 31, 99, 111, 86, 84, 71, 113, 115, 102, 23, 57, 1, 65, 12, 39, 59, 63, 10, 23, 92, 0, 73, 79, 101, 116, 35, 39, 28, 53, 111, 54, 2, 120, 87, 71, 29, 41]
[15, 72, 1, 5, 12, 97, 118, 38, 45, 95, 67, 31, 36, 95, 40, 20, 102, 13, 53, 100, 100, 5, 71, 67, 73, 44, 112, 83, 46, 43, 73, 102, 91, 54, 24, 39, 108, 121, 13, 77, 31, 83, 50, 96, 10]
[103, 92, 121, 89, 111, 38, 40, 110, 37, 14, 86, 33, 14, 94, 18, 40, 65, 106, 17, 60, 83, 116, 81, 87, 108, 103, 42, 13, 92, 46, 74, 22, 40, 16, 36, 7, 63, 15, 113, 123, 73, 66, 98, 26, 23]
[31, 6, 54, 102, 28, 120, 94, 114, 63, 81, 18, 28, 40, 106, 6, 63, 21, 40, 40, 111, 73, 86, 46, 121, 123, 34, 47, 38, 98, 54, 111, 39, 108, 101, 85, 115, 82, 29, 73, 91, 123, 38, 56, 10, 24]
[0, 47, 114, 77, 15, 38, 88, 77, 60, 75, 5, 91, 109, 122, 29, 94, 49, 61, 86, 25, 62, 122, 49, 106, 93, 21, 6, 76, 10, 16, 30, 53, 90, 115, 81, 98, 16, 53, 10, 97, 41, 38, 4, 97, 55]
[49, 20, 15, 123, 60, 72, 113, 65, 35, 16, 53, 93, 117, 79, 38, 122, 68, 115, 43, 45, 116, 31, 51, 16, 3, 1, 32, 31, 14, 88, 21, 106, 89, 100, 95, 23, 33, 118, 117, 66, 43, 31, 114, 7, 61]
[116, 121, 91, 109, 5, 59, 61, 34, 23, 11, 71, 118, 110, 64, 72, 100, 40, 25, 83, 44, 75, 20, 10, 10, 68, 40, 103, 11, 46, 80, 29, 90, 65, 82, 71, 83, 39, 53, 101, 50, 108, 89, 97, 40, 29]
[104, 85, 81, 9, 36, 5, 110, 89, 29, 33, 104, 26, 33, 89, 117, 35, 90, 68, 110, 55, 99, 44, 77, 28, 51, 98, 40, 52, 87, 98, 51, 51, 89, 6, 8, 97, 79, 73, 6, 107, 116, 29, 110, 103, 4]
[121, 12, 59, 119, 4, 47, 112, 5, 76, 17, 10, 4, 59, 48, 69, 100, 36, 5, 123, 103, 86, 113, 121, 48, 96, 52, 42, 111, 85, 87, 83, 100, 21, 44, 88, 56, 40, 6, 76, 10, 85, 25, 55, 94, 39]
[36, 17, 65, 39, 78, 30, 64, 120, 109, 123, 111, 97, 100, 75, 102, 8, 15, 77, 64, 106, 21, 23, 121, 40, 1, 114, 75, 82, 15, 10, 90, 53, 108, 74, 115, 10, 15, 106, 4, 48, 10, 78, 59, 29, 40]
[47, 58, 48, 22, 68, 13, 112, 18, 77, 106, 55, 106, 82, 76, 19, 119, 68, 111, 35, 103, 36, 96, 38, 32, 123, 106, 21, 23, 7, 83, 18, 106, 30, 65, 99, 119, 17, 41, 116, 68, 22, 53, 10, 87, 97]
[84, 100, 119, 40, 77, 61, 45, 33, 88, 30, 30, 28, 64, 115, 122, 71, 92, 69, 52, 116, 80, 31, 72, 105, 77, 88, 45, 20, 87, 87, 42, 93, 96, 62, 96, 40, 42, 30, 65, 19, 35, 34, 97, 1, 10]
[0, 41, 62, 24, 7, 26, 117, 2, 96, 42, 59, 96, 32, 7, 56, 101, 35, 111, 50, 116, 97, 122, 110, 7, 62, 105, 2, 7, 18, 53, 105, 116, 97, 69, 1, 88, 10, 52, 96, 54, 29, 13, 104, 54, 53]
[84, 97, 109, 96, 80, 107, 63, 69, 57, 65, 41, 81, 88, 0, 73, 42, 25, 90, 53, 5, 60, 86, 49, 87, 85, 79, 55, 92, 105, 24, 107, 86, 17, 10, 29, 88, 104, 25, 67, 115, 11, 103, 1, 51, 118]
[16, 9, 10, 0, 89, 65, 22, 37, 19, 7, 4, 17, 81, 80, 122, 37, 39, 106, 18, 61, 65, 0, 12, 88, 44, 25, 106, 92, 32, 33, 113, 62, 19, 115, 42, 97, 7, 103, 24, 112, 60, 61, 89, 40, 118]
[108, 65, 22, 8, 54, 100, 89, 15, 24, 121, 12, 48, 76, 52, 78, 102, 38, 86, 94, 79, 42, 110, 79, 97, 24, 98, 31, 83, 71, 90, 56, 74, 96, 0, 1, 50, 41, 51, 55, 71, 116, 29, 110, 103, 49]
[30, 48, 10, 97, 81, 93, 40, 54, 9, 24, 75, 63, 99, 105, 108, 52, 32, 91, 28, 30, 10, 80, 118, 24, 45, 44, 98, 102, 15, 31, 111, 73, 101, 103, 56, 39, 37, 33, 5, 20, 94, 83, 18, 73, 34]
[73, 4, 46, 14, 89, 85, 80, 43, 52, 24, 114, 49, 93, 70, 20, 93, 30, 13, 14, 99, 12, 107, 120, 84, 69, 108, 18, 13, 116, 11, 74, 57, 91, 115, 76, 105, 80, 83, 116, 107, 66, 30, 19, 68, 10]
[112, 29, 49, 89, 28, 64, 46, 73, 36, 61, 101, 51, 71, 7, 82, 87, 21, 58, 58, 45, 97, 81, 43, 41, 100, 23, 8, 104, 99, 19, 60, 56, 71, 71, 1, 52, 10, 89, 14, 50, 36, 45, 17, 39, 34]
[5, 104, 86, 4, 94, 16, 32, 33, 48, 119, 45, 87, 60, 13, 39, 83, 77, 121, 6, 84, 51, 78, 38, 103, 59, 76, 69, 83, 69, 29, 10, 103, 8, 41, 122, 8, 117, 110, 41, 106, 62, 34, 34, 120, 8]
[30, 69, 30, 97, 31, 123, 96, 111, 93, 81, 12, 71, 122, 50, 57, 10, 65, 72, 36, 35, 93, 97, 6, 101, 96, 41, 39, 53, 68, 95, 5, 26, 53, 47, 10, 67, 103, 68, 110, 59, 5, 30, 30, 40, 95]
[1, 18, 90, 26, 3, 113, 23, 4, 51, 21, 102, 62, 114, 14, 0, 104, 22, 11, 6, 60, 76, 71, 114, 57, 83, 97, 92, 96, 62, 92, 101, 117, 39, 117, 97, 20, 41, 62, 101, 119, 107, 35, 33, 81, 10]
[49, 90, 89, 111, 94, 42, 54, 81, 119, 115, 55, 114, 70, 30, 79, 103, 60, 99, 73, 53, 94, 81, 67, 17, 47, 4, 66, 65, 64, 22, 90, 2, 40, 122, 50, 8, 69, 83, 99, 8, 76, 19, 62, 15, 22]
[80, 45, 102, 63, 16, 41, 39, 78, 41, 36, 27, 50, 33, 60, 17, 1, 46, 5, 111, 113, 122, 11, 102, 66, 30, 96, 59, 55, 48, 47, 52, 62, 59, 36, 105, 10, 68, 78, 8, 54, 0, 30, 12, 91, 106]
[116, 25, 114, 16, 62, 120, 86, 79, 91, 114, 50, 64, 44, 61, 13, 85, 37, 19, 83, 13, 72, 30, 30, 52, 68, 23, 34, 56, 108, 112, 77, 39, 58, 121, 49, 55, 20, 5, 57, 34, 42, 47, 73, 22, 77]
[97, 61, 97, 96, 30, 108, 1, 120, 25, 8, 71, 99, 53, 85, 15, 83, 71, 121, 6, 10, 57, 3, 8, 5, 43, 93, 113, 73, 98, 86, 31, 20, 58, 109, 83, 40, 14, 113, 41, 15, 123, 31, 82, 54, 44]
[30, 2, 54, 59, 34, 5, 89, 119, 89, 104, 52, 108, 104, 93, 41, 51, 48, 13, 14, 99, 79, 11, 56, 110, 15, 6, 25, 26, 56, 19, 64, 99, 102, 12, 23, 37, 81, 83, 22, 101, 51, 26, 83, 73, 84]
[111, 62, 27, 25, 100, 5, 98, 15, 109, 61, 94, 88, 71, 58, 103, 102, 53, 99, 103, 82, 49, 57, 42, 26, 21, 41, 46, 102, 31, 29, 55, 32, 10, 68, 68, 16, 16, 82, 41, 5, 111, 92, 2, 10, 7]
[116, 24, 71, 94, 86, 91, 42, 20, 75, 94, 28, 3, 54, 85, 119, 40, 66, 45, 25, 110, 105, 109, 77, 84, 31, 31, 111, 10, 71, 50, 56, 20, 94, 57, 24, 24, 15, 47, 91, 115, 8, 101, 26, 46, 54]
[66, 104, 34, 116, 122, 28, 58, 8, 86, 109, 59, 110, 93, 38, 91, 5, 96, 53, 74, 107, 87, 73, 113, 51, 33, 102, 61, 96, 107, 116, 89, 40, 73, 49, 30, 37, 21, 109, 38, 30, 38, 100, 0, 10, 19]
[28, 67, 96, 100, 8, 17, 29, 94, 4, 63, 121, 2, 113, 83, 118, 111, 41, 20, 46, 103, 86, 14, 110, 67, 111, 52, 64, 111, 85, 117, 14, 33, 26, 66, 65, 0, 14, 76, 11, 77, 109, 82, 55, 70, 69]
[9, 7, 70, 18, 61, 56, 114, 37, 44, 75, 39, 61, 12, 59, 79, 53, 62, 109, 79, 41, 117, 15, 98, 43, 21, 69, 48, 47, 79, 2, 66, 37, 28, 60, 104, 58, 66, 18, 14, 20, 10, 25, 86, 49, 105]
[16, 9, 10, 0, 89, 21, 96, 103, 55, 107, 71, 55, 64, 80, 122, 37, 53, 106, 18, 61, 65, 0, 12, 88, 44, 61, 106, 92, 32, 33, 113, 62, 111, 115, 42, 97, 7, 110, 24, 112, 30, 61, 89, 40, 118]
[97, 22, 99, 26, 89, 46, 118, 47, 8, 109, 120, 95, 71, 2, 21, 82, 2, 78, 56, 99, 73, 16, 116, 77, 51, 23, 60, 32, 33, 16, 90, 47, 109, 99, 51, 58, 40, 29, 13, 95, 99, 94, 52, 12, 92]
[92, 117, 30, 41, 69, 7, 65, 12, 86, 65, 93, 36, 109, 47, 25, 39, 36, 92, 98, 115, 109, 91, 118, 39, 100, 28, 55, 40, 89, 113, 102, 62, 52, 29, 15, 73, 53, 1, 10, 13, 28, 6, 53, 55, 92]
[65, 33, 105, 74, 38, 120, 55, 42, 54, 31, 41, 18, 91, 44, 11, 12, 105, 102, 120, 31, 112, 81, 22, 93, 50, 39, 22, 52, 43, 36, 106, 83, 75, 30, 15, 93, 63, 0, 53, 10, 67, 62, 19, 120, 22]
[55, 1, 43, 54, 26, 3, 56, 49, 59, 2, 111, 21, 35, 55, 57, 76, 8, 119, 4, 70, 22, 45, 94, 6, 29, 94, 111, 3, 116, 85, 109, 79, 96, 118, 106, 117, 61, 49, 108, 10, 84, 2, 39, 108, 19]
[55, 67, 16, 6, 80, 102, 45, 49, 32, 111, 29, 81, 66, 100, 36, 122, 96, 33, 13, 97, 75, 48, 81, 69, 100, 29, 9, 81, 116, 9, 27, 79, 96, 6, 106, 117, 10, 49, 91, 23, 33, 22, 8, 86, 19]
[15, 79, 63, 39, 49, 14, 114, 51, 57, 22, 14, 7, 74, 117, 118, 120, 60, 64, 11, 92, 7, 25, 44, 102, 54, 96, 84, 44, 78, 73, 1, 68, 106, 17, 69, 83, 83, 25, 79, 14, 76, 57, 22, 46, 88]
[76, 123, 81, 19, 47, 13, 29, 95, 53, 18, 53, 67, 24, 73, 103, 115, 73, 1, 116, 21, 47, 99, 48, 36, 35, 15, 64, 3, 50, 120, 68, 119, 33, 40, 53, 9, 100, 64, 104, 10, 106, 34, 93, 2, 39]
[87, 17, 35, 98, 43, 87, 8, 74, 15, 103, 59, 102, 93, 53, 46, 103, 71, 83, 104, 93, 19, 2, 110, 109, 14, 97, 2, 40, 21, 20, 53, 24, 107, 120, 8, 23, 113, 100, 61, 10, 41, 53, 86, 82, 8]
[123, 71, 35, 10, 115, 71, 105, 40, 5, 28, 110, 63, 69, 119, 119, 114, 32, 15, 96, 35, 107, 39, 96, 56, 8, 119, 117, 96, 80, 10, 43, 70, 47, 106, 10, 62, 11, 62, 98, 23, 116, 113, 52, 94, 11]
[8, 109, 60, 7, 111, 77, 30, 114, 116, 29, 117, 105, 40, 11, 101, 14, 36, 80, 99, 89, 11, 82, 13, 79, 4, 6, 81, 12, 73, 50, 95, 118, 46, 64, 47, 10, 3, 44, 41, 4, 30, 37, 24, 62, 117]
[101, 15, 38, 112, 50, 103, 89, 10, 118, 25, 118, 42, 25, 43, 69, 40, 87, 71, 18, 119, 104, 91, 70, 80, 100, 62, 44, 82, 42, 98, 97, 115, 87, 4, 76, 102, 115, 81, 116, 67, 56, 43, 83, 59, 116]
[30, 53, 20, 41, 30, 40, 15, 35, 82, 55, 64, 80, 71, 121, 12, 57, 11, 109, 10, 5, 13, 122, 25, 36, 114, 42, 30, 1, 44, 76, 78, 88, 79, 41, 63, 41, 21, 0, 77, 62, 7, 63, 64, 103, 10]
[105, 43, 30, 3, 44, 59, 29, 84, 45, 38, 73, 105, 45, 53, 114, 80, 15, 68, 115, 121, 111, 118, 44, 34, 62, 79, 86, 57, 80, 94, 113, 63, 23, 100, 52, 83, 39, 110, 6, 7, 30, 100, 11, 39, 10]
[103, 108, 82, 31, 101, 121, 101, 121, 16, 78, 38, 26, 36, 118, 33, 107, 115, 114, 59, 53, 32, 106, 3, 37, 79, 47, 64, 26, 65, 56, 12, 64, 0, 8, 42, 50, 94, 7, 34, 13, 19, 46, 14, 52, 96]
[53, 84, 102, 47, 29, 83, 55, 103, 10, 25, 117, 1, 35, 3, 36, 119, 97, 0, 28, 48, 85, 4, 36, 3, 10, 77, 34, 41, 30, 12, 41, 34, 55, 59, 29, 114, 75, 4, 104, 30, 62, 55, 22, 22, 97]
[19, 47, 2, 12, 56, 5, 104, 53, 95, 33, 8, 122, 52, 14, 109, 24, 110, 113, 23, 79, 17, 16, 58, 66, 10, 49, 3, 8, 7, 16, 71, 25, 56, 59, 80, 4, 71, 58, 6, 85, 122, 22, 109, 41, 116]
[84, 84, 19, 34, 24, 113, 80, 42, 85, 72, 70, 121, 96, 48, 121, 94, 31, 90, 6, 18, 33, 2, 37, 103, 29, 47, 10, 58, 94, 121, 48, 7, 19, 111, 83, 116, 114, 33, 36, 106, 54, 36, 22, 120, 53]
[47, 22, 25, 121, 54, 85, 4, 107, 76, 3, 57, 106, 45, 55, 53, 38, 44, 92, 13, 13, 76, 23, 65, 69, 80, 63, 92, 92, 108, 3, 101, 4, 67, 80, 123, 121, 41, 46, 5, 8, 14, 37, 89, 30, 15]
[104, 7, 84, 83, 47, 21, 50, 5, 112, 71, 48, 11, 97, 99, 69, 107, 99, 92, 98, 51, 13, 109, 101, 86, 73, 36, 40, 76, 44, 19, 75, 41, 10, 116, 24, 51, 14, 74, 121, 49, 59, 11, 122, 109, 39]
[10, 30, 112, 38, 98, 71, 75, 53, 113, 39, 53, 94, 49, 39, 38, 68, 86, 95, 52, 36, 25, 111, 59, 100, 59, 68, 84, 111, 46, 47, 53, 46, 112, 1, 1, 63, 10, 46, 93, 97, 104, 31, 111, 84, 41]
[93, 79, 55, 25, 69, 96, 7, 54, 71, 113, 65, 88, 4, 32, 36, 85, 117, 30, 57, 46, 74, 106, 16, 39, 73, 66, 105, 47, 67, 48, 24, 51, 53, 3, 0, 123, 97, 49, 3, 10, 35, 43, 101, 120, 2]
[65, 110, 31, 45, 48, 33, 29, 67, 50, 13, 85, 19, 38, 59, 0, 53, 45, 108, 98, 88, 70, 33, 40, 43, 19, 51, 102, 97, 40, 45, 25, 2, 20, 118, 52, 63, 69, 118, 17, 59, 89, 53, 60, 103, 10]
[8, 56, 45, 98, 95, 11, 94, 111, 106, 62, 12, 28, 10, 53, 103, 39, 15, 102, 46, 109, 68, 116, 8, 116, 95, 26, 114, 71, 52, 29, 93, 61, 10, 0, 15, 94, 56, 37, 53, 12, 18, 16, 33, 41, 102]
[9, 46, 97, 50, 16, 34, 46, 113, 114, 49, 13, 14, 91, 24, 39, 85, 3, 107, 88, 61, 83, 95, 76, 58, 87, 59, 3, 111, 68, 101, 102, 34, 40, 80, 100, 93, 41, 67, 51, 0, 25, 20, 117, 28, 47]
[56, 108, 42, 17, 14, 93, 42, 53, 62, 104, 22, 102, 14, 97, 65, 123, 39, 63, 44, 18, 30, 71, 47, 123, 73, 30, 36, 76, 74, 108, 116, 27, 10, 18, 57, 51, 37, 43, 121, 95, 69, 76, 78, 29, 90]
[17, 86, 35, 106, 41, 36, 108, 117, 44, 37, 39, 65, 44, 9, 30, 10, 84, 118, 9, 22, 106, 5, 86, 93, 84, 36, 102, 0, 42, 108, 103, 56, 23, 43, 52, 10, 69, 41, 60, 91, 67, 13, 37, 31, 105]
[29, 30, 42, 59, 11, 66, 52, 116, 99, 13, 106, 40, 112, 48, 84, 82, 41, 57, 100, 87, 24, 85, 74, 12, 109, 121, 41, 45, 55, 100, 103, 112, 71, 108, 25, 122, 55, 50, 116, 113, 113, 102, 119, 85, 18]
[17, 59, 21, 99, 38, 18, 37, 107, 58, 11, 90, 122, 85, 59, 31, 74, 97, 73, 8, 101, 51, 83, 17, 81, 95, 29, 92, 74, 95, 6, 13, 48, 11, 86, 91, 53, 91, 107, 70, 90, 10, 33, 104, 41, 108]
[112, 25, 64, 22, 38, 34, 87, 59, 10, 39, 112, 87, 49, 105, 53, 110, 4, 110, 41, 28, 105, 44, 115, 1, 47, 110, 20, 83, 99, 100, 105, 34, 18, 87, 96, 122, 83, 93, 38, 62, 21, 46, 53, 10, 30]
[98, 24, 120, 42, 70, 64, 90, 109, 5, 66, 74, 6, 50, 92, 39, 28, 115, 111, 41, 65, 107, 61, 118, 1, 116, 89, 19, 108, 89, 48, 122, 117, 4, 42, 98, 32, 33, 93, 105, 111, 18, 23, 21, 86, 78]
[81, 105, 53, 58, 3, 67, 89, 38, 56, 26, 65, 25, 122, 20, 36, 117, 109, 101, 55, 31, 41, 64, 46, 119, 60, 57, 111, 103, 38, 71, 57, 52, 74, 71, 83, 10, 53, 47, 26, 108, 110, 91, 117, 39, 55]
[15, 66, 30, 23, 28, 122, 92, 105, 81, 92, 35, 32, 99, 121, 18, 95, 109, 96, 13, 109, 26, 107, 120, 84, 33, 26, 120, 76, 20, 34, 7, 65, 91, 16, 3, 24, 109, 54, 114, 19, 73, 122, 96, 60, 40]
[20, 46, 116, 5, 111, 96, 5, 67, 4, 13, 85, 116, 94, 59, 0, 53, 95, 96, 57, 104, 13, 121, 10, 7, 83, 115, 72, 117, 71, 21, 104, 118, 113, 106, 19, 109, 67, 79, 107, 66, 53, 29, 119, 108, 10]
[38, 94, 111, 68, 3, 29, 95, 44, 58, 46, 56, 36, 47, 53, 36, 22, 115, 113, 110, 116, 47, 42, 39, 53, 39, 2, 107, 38, 45, 116, 40, 116, 62, 38, 21, 18, 118, 104, 90, 100, 39, 73, 10, 32, 97]
[79, 43, 108, 77, 53, 18, 80, 93, 82, 8, 92, 120, 114, 85, 116, 92, 85, 123, 33, 13, 100, 54, 29, 96, 8, 21, 96, 70, 10, 121, 105, 12, 118, 83, 105, 68, 104, 37, 117, 17, 94, 2, 51, 25, 48]
[28, 67, 96, 44, 98, 38, 10, 39, 75, 77, 10, 53, 57, 21, 50, 115, 98, 100, 46, 103, 109, 113, 110, 67, 111, 52, 64, 111, 85, 117, 14, 33, 26, 66, 65, 0, 14, 76, 11, 77, 109, 82, 55, 43, 39]
[30, 55, 25, 94, 63, 79, 89, 92, 26, 119, 111, 54, 107, 120, 40, 87, 81, 39, 100, 13, 66, 36, 115, 68, 41, 97, 97, 26, 58, 104, 75, 20, 1, 89, 16, 119, 55, 6, 79, 53, 5, 10, 29, 12, 110]
[21, 99, 86, 115, 99, 30, 40, 38, 36, 3, 1, 70, 100, 123, 40, 73, 86, 10, 79, 82, 80, 53, 41, 20, 122, 37, 14, 104, 47, 10, 114, 93, 53, 96, 95, 65, 121, 39, 123, 119, 96, 98, 98, 10, 21]
[42, 85, 73, 98, 36, 5, 47, 89, 29, 33, 104, 26, 33, 106, 117, 8, 101, 77, 26, 18, 17, 105, 16, 56, 82, 89, 35, 99, 115, 23, 95, 49, 41, 88, 53, 91, 47, 116, 121, 109, 111, 101, 118, 39, 45]
[23, 41, 20, 59, 123, 4, 30, 55, 113, 39, 43, 38, 77, 68, 118, 80, 57, 118, 97, 120, 120, 52, 4, 67, 6, 41, 12, 79, 23, 92, 53, 50, 67, 111, 94, 26, 52, 5, 10, 41, 42, 120, 118, 98, 4]
[81, 1, 102, 0, 97, 86, 38, 4, 66, 6, 65, 24, 39, 97, 53, 60, 117, 43, 61, 22, 61, 63, 36, 100, 79, 54, 89, 41, 32, 82, 53, 9, 122, 37, 65, 80, 117, 45, 88, 117, 100, 55, 61, 10, 34]
[3, 41, 56, 37, 102, 111, 121, 44, 106, 114, 112, 53, 6, 50, 85, 103, 79, 57, 16, 2, 7, 33, 21, 105, 29, 81, 46, 97, 87, 42, 80, 32, 47, 57, 41, 13, 71, 53, 68, 10, 40, 58, 85, 43, 24]
[119, 21, 28, 6, 1, 68, 108, 70, 34, 11, 94, 6, 40, 23, 33, 1, 105, 114, 82, 35, 79, 117, 100, 66, 27, 45, 96, 3, 15, 107, 71, 112, 37, 60, 15, 112, 88, 119, 51, 97, 7, 24, 81, 109, 63]
[40, 109, 108, 90, 93, 100, 15, 47, 119, 69, 7, 66, 38, 55, 103, 97, 63, 13, 30, 69, 67, 98, 0, 114, 75, 21, 64, 21, 50, 1, 17, 91, 61, 82, 67, 30, 19, 74, 32, 8, 8, 81, 5, 24, 69]
[90, 100, 70, 3, 102, 86, 2, 44, 9, 38, 113, 10, 57, 96, 23, 60, 69, 97, 15, 106, 47, 34, 89, 15, 93, 108, 58, 20, 19, 67, 1, 14, 69, 53, 99, 21, 104, 39, 50, 30, 37, 118, 53, 10, 38]
[112, 53, 61, 78, 76, 53, 26, 54, 105, 53, 92, 105, 74, 30, 24, 53, 33, 54, 45, 49, 21, 97, 14, 29, 12, 61, 69, 22, 116, 10, 104, 16, 66, 94, 38, 55, 120, 36, 94, 38, 62, 109, 10, 58, 23]
[120, 49, 51, 2, 16, 5, 81, 91, 44, 72, 103, 77, 73, 43, 22, 40, 69, 98, 87, 101, 89, 68, 88, 39, 55, 29, 105, 36, 29, 123, 10, 28, 98, 77, 50, 85, 38, 89, 53, 34, 101, 96, 36, 11, 63]
[57, 111, 51, 44, 53, 110, 46, 58, 102, 115, 76, 107, 61, 25, 48, 18, 95, 37, 71, 82, 49, 99, 3, 72, 32, 3, 34, 101, 78, 88, 50, 20, 39, 16, 16, 35, 70, 47, 26, 70, 6, 96, 87, 49, 3]
[44, 2, 80, 2, 49, 119, 86, 24, 86, 20, 46, 42, 117, 33, 104, 71, 66, 36, 18, 48, 104, 112, 112, 29, 123, 15, 72, 13, 116, 91, 58, 49, 23, 48, 86, 91, 16, 17, 56, 74, 26, 3, 89, 53, 100]
[0, 2, 109, 103, 85, 120, 6, 80, 110, 56, 98, 19, 101, 76, 69, 111, 38, 0, 103, 79, 80, 106, 54, 83, 117, 74, 52, 14, 42, 45, 53, 97, 91, 102, 1, 123, 117, 17, 7, 10, 30, 85, 1, 91, 96]
[18, 62, 19, 98, 103, 94, 46, 51, 74, 23, 9, 50, 84, 25, 57, 10, 16, 86, 7, 15, 1, 76, 47, 56, 10, 88, 47, 85, 104, 20, 16, 108, 42, 116, 8, 45, 24, 110, 75, 104, 5, 52, 56, 79, 30]
[24, 4, 35, 26, 49, 90, 41, 98, 82, 120, 112, 48, 62, 24, 37, 66, 86, 47, 41, 47, 79, 5, 103, 92, 123, 38, 81, 28, 110, 50, 112, 63, 43, 29, 39, 68, 91, 66, 104, 19, 83, 60, 45, 41, 52]
[18, 43, 43, 90, 41, 18, 30, 10, 6, 11, 94, 6, 70, 67, 80, 0, 84, 18, 4, 112, 78, 7, 39, 50, 75, 89, 47, 98, 66, 74, 38, 3, 45, 119, 105, 56, 80, 111, 85, 69, 70, 37, 17, 62, 31]
[28, 39, 47, 45, 113, 21, 10, 94, 4, 84, 39, 121, 80, 26, 7, 36, 41, 3, 46, 81, 80, 23, 55, 67, 35, 52, 64, 111, 109, 79, 1, 30, 2, 53, 29, 35, 84, 23, 79, 92, 89, 10, 2, 4, 53]
[19, 45, 107, 12, 56, 5, 104, 8, 62, 33, 8, 47, 117, 14, 109, 24, 110, 113, 23, 79, 17, 16, 58, 66, 10, 49, 3, 61, 7, 16, 71, 97, 22, 121, 114, 4, 71, 58, 6, 85, 122, 22, 109, 41, 116]
[54, 93, 96, 25, 32, 17, 105, 78, 43, 102, 108, 122, 82, 11, 36, 121, 75, 102, 114, 29, 25, 12, 115, 30, 50, 64, 60, 123, 37, 93, 2, 5, 90, 53, 104, 15, 66, 89, 80, 52, 119, 13, 55, 50, 53]
[18, 104, 43, 90, 97, 18, 75, 10, 6, 49, 95, 48, 111, 85, 89, 119, 59, 41, 35, 44, 67, 105, 16, 104, 87, 111, 87, 22, 73, 82, 24, 42, 76, 95, 71, 52, 24, 111, 48, 60, 109, 85, 13, 115, 99]
[106, 80, 113, 93, 114, 18, 1, 42, 48, 57, 122, 24, 53, 63, 75, 105, 38, 34, 48, 16, 121, 38, 18, 12, 46, 56, 95, 12, 4, 29, 90, 87, 98, 53, 0, 32, 50, 63, 12, 77, 33, 35, 46, 78, 10]
[57, 111, 62, 69, 81, 9, 116, 38, 39, 88, 27, 91, 66, 105, 107, 77, 9, 45, 64, 58, 27, 56, 38, 71, 112, 112, 32, 111, 30, 36, 44, 42, 58, 42, 19, 48, 65, 40, 6, 105, 104, 10, 70, 88, 85]
[70, 111, 22, 30, 106, 68, 73, 81, 61, 13, 0, 56, 76, 9, 33, 50, 68, 14, 96, 49, 32, 19, 41, 40, 94, 37, 12, 99, 42, 23, 95, 49, 41, 88, 5, 66, 98, 112, 89, 50, 64, 103, 7, 10, 12]
[69, 87, 0, 119, 35, 20, 115, 36, 21, 121, 35, 117, 91, 54, 21, 55, 57, 49, 68, 6, 53, 41, 38, 29, 16, 110, 15, 104, 63, 38, 48, 94, 118, 22, 97, 72, 25, 66, 83, 66, 2, 53, 73, 93, 10]
[79, 97, 59, 1, 23, 62, 97, 17, 6, 13, 120, 53, 71, 112, 51, 64, 93, 110, 72, 53, 13, 77, 95, 62, 47, 11, 23, 22, 63, 67, 29, 18, 50, 53, 101, 120, 16, 63, 15, 104, 37, 118, 118, 45, 10]
[1, 22, 92, 98, 123, 16, 9, 36, 103, 83, 98, 97, 74, 105, 40, 84, 31, 38, 53, 92, 120, 109, 63, 78, 1, 47, 95, 46, 105, 60, 10, 87, 111, 56, 52, 2, 108, 53, 19, 77, 72, 10, 96, 91, 62]
[102, 82, 1, 103, 81, 119, 66, 38, 51, 41, 52, 4, 117, 48, 72, 47, 9, 5, 97, 61, 86, 108, 71, 53, 57, 53, 80, 56, 12, 65, 102, 111, 41, 118, 84, 47, 20, 23, 121, 96, 48, 10, 53, 69, 70]
[80, 43, 77, 71, 85, 32, 64, 67, 72, 43, 12, 119, 72, 53, 102, 87, 33, 47, 17, 91, 51, 59, 35, 103, 59, 76, 23, 8, 61, 29, 10, 98, 111, 41, 96, 88, 38, 41, 7, 16, 12, 30, 89, 90, 53]
[40, 111, 114, 108, 10, 38, 42, 78, 29, 53, 63, 55, 91, 29, 36, 1, 1, 1, 31, 72, 18, 91, 92, 110, 63, 96, 56, 93, 60, 30, 78, 43, 94, 6, 87, 8, 97, 22, 60, 39, 10, 50, 43, 101, 17]
[53, 40, 103, 88, 59, 113, 107, 64, 19, 110, 111, 118, 76, 69, 82, 123, 118, 101, 100, 38, 66, 87, 78, 68, 12, 96, 47, 66, 56, 117, 102, 68, 114, 49, 111, 103, 39, 104, 8, 109, 95, 53, 111, 59, 114]
[52, 76, 103, 42, 90, 59, 31, 48, 89, 52, 123, 18, 42, 121, 86, 22, 38, 100, 49, 25, 44, 25, 39, 100, 78, 68, 110, 80, 86, 39, 89, 50, 41, 86, 77, 120, 21, 49, 10, 73, 53, 123, 115, 122, 97]
[67, 106, 123, 79, 34, 30, 42, 28, 111, 40, 123, 84, 68, 13, 97, 2, 64, 114, 89, 85, 109, 85, 54, 17, 32, 91, 66, 13, 49, 57, 21, 113, 93, 4, 93, 37, 41, 20, 79, 50, 55, 100, 25, 96, 121]
[111, 94, 123, 64, 62, 22, 102, 33, 74, 106, 106, 18, 5, 118, 118, 116, 13, 78, 118, 48, 30, 76, 3, 22, 123, 33, 45, 29, 40, 106, 51, 9, 92, 85, 42, 114, 11, 117, 7, 51, 120, 63, 69, 14, 10]
[79, 84, 20, 66, 11, 66, 52, 1, 108, 9, 86, 67, 96, 72, 51, 32, 98, 48, 39, 87, 97, 36, 0, 72, 51, 87, 55, 50, 100, 2, 66, 78, 22, 27, 42, 58, 45, 79, 5, 105, 102, 63, 86, 103, 10]
[79, 84, 78, 78, 29, 50, 77, 51, 119, 69, 7, 66, 38, 18, 103, 87, 75, 48, 39, 87, 33, 53, 0, 114, 80, 73, 73, 38, 60, 26, 116, 115, 55, 13, 14, 14, 2, 55, 60, 121, 39, 123, 53, 97, 23]
[91, 49, 40, 49, 92, 109, 12, 47, 53, 46, 69, 80, 83, 110, 7, 93, 41, 34, 37, 34, 8, 62, 2, 6, 39, 98, 51, 86, 59, 68, 41, 28, 89, 73, 5, 84, 71, 30, 116, 20, 60, 26, 118, 45, 25]
[40, 93, 100, 90, 86, 38, 10, 61, 102, 43, 68, 66, 60, 22, 119, 16, 123, 63, 105, 102, 105, 90, 68, 48, 104, 34, 81, 104, 102, 91, 58, 14, 39, 17, 85, 53, 2, 12, 86, 52, 85, 4, 22, 28, 34]
[5, 27, 21, 65, 82, 34, 26, 103, 36, 109, 0, 22, 88, 69, 96, 119, 0, 97, 82, 90, 53, 65, 48, 28, 105, 101, 84, 60, 41, 119, 52, 49, 95, 38, 115, 10, 36, 19, 99, 108, 5, 46, 0, 54, 19]
[45, 80, 57, 30, 38, 46, 70, 116, 26, 80, 45, 69, 116, 100, 65, 61, 10, 50, 55, 121, 34, 83, 119, 56, 38, 2, 93, 106, 73, 73, 41, 30, 83, 70, 97, 2, 55, 33, 16, 10, 100, 36, 109, 59, 53]
[29, 13, 35, 44, 41, 75, 24, 116, 80, 21, 59, 57, 4, 110, 79, 35, 90, 94, 76, 28, 47, 86, 0, 114, 75, 21, 17, 38, 75, 22, 53, 28, 80, 12, 67, 97, 4, 42, 59, 29, 70, 99, 0, 39, 10]
[48, 9, 40, 70, 51, 72, 71, 23, 63, 109, 16, 67, 110, 72, 51, 32, 98, 48, 39, 87, 97, 65, 30, 104, 94, 24, 31, 76, 50, 14, 55, 90, 29, 51, 118, 103, 13, 23, 20, 87, 7, 71, 6, 50, 67]
[66, 113, 87, 25, 98, 63, 5, 5, 104, 119, 103, 65, 35, 53, 28, 103, 72, 61, 88, 3, 27, 37, 71, 103, 0, 21, 119, 110, 69, 29, 10, 102, 8, 41, 113, 39, 53, 110, 13, 79, 44, 98, 12, 10, 91]
[90, 15, 96, 61, 76, 16, 99, 67, 112, 13, 61, 29, 110, 101, 103, 97, 63, 13, 63, 69, 67, 34, 98, 7, 58, 5, 14, 68, 42, 82, 104, 14, 20, 71, 21, 62, 2, 109, 32, 119, 22, 87, 56, 79, 105]
[75, 19, 100, 112, 102, 43, 78, 9, 101, 83, 36, 64, 67, 103, 103, 40, 49, 18, 49, 101, 34, 108, 85, 45, 92, 10, 8, 104, 99, 105, 110, 23, 1, 120, 90, 31, 1, 42, 25, 23, 13, 53, 102, 97, 42]
[31, 75, 27, 85, 31, 66, 80, 62, 42, 109, 116, 79, 72, 79, 118, 2, 7, 50, 110, 21, 61, 26, 92, 97, 53, 97, 35, 30, 123, 46, 101, 89, 19, 24, 120, 76, 34, 9, 97, 24, 19, 28, 120, 2, 99]
[10, 41, 95, 44, 81, 79, 110, 111, 51, 119, 90, 112, 104, 26, 98, 76, 68, 115, 43, 45, 116, 31, 51, 16, 3, 1, 32, 31, 14, 88, 21, 106, 89, 100, 95, 23, 33, 118, 117, 66, 43, 31, 114, 62, 68]
[108, 98, 90, 37, 86, 91, 72, 3, 99, 8, 33, 82, 48, 120, 89, 119, 31, 45, 64, 68, 18, 78, 117, 19, 3, 104, 62, 77, 90, 110, 35, 50, 115, 47, 26, 86, 112, 41, 19, 115, 8, 101, 115, 46, 118]
[44, 12, 1, 92, 118, 60, 73, 88, 1, 72, 15, 102, 95, 32, 65, 109, 98, 33, 74, 80, 10, 53, 113, 69, 46, 89, 54, 85, 34, 115, 55, 16, 110, 9, 82, 53, 75, 34, 64, 77, 100, 54, 109, 52, 3]
[91, 49, 40, 77, 1, 109, 12, 39, 44, 46, 89, 55, 83, 85, 96, 93, 48, 34, 37, 64, 73, 34, 66, 70, 12, 115, 80, 112, 59, 68, 75, 28, 37, 8, 67, 64, 32, 73, 53, 95, 60, 26, 118, 45, 25]
[67, 19, 86, 109, 29, 84, 55, 103, 93, 84, 6, 119, 100, 113, 53, 107, 62, 37, 4, 96, 2, 87, 21, 34, 90, 10, 97, 95, 8, 105, 40, 91, 123, 119, 54, 108, 24, 73, 60, 62, 51, 46, 1, 97, 10]
[71, 99, 101, 42, 16, 43, 109, 0, 21, 14, 22, 27, 71, 120, 31, 123, 72, 52, 103, 25, 30, 79, 75, 95, 43, 48, 103, 53, 58, 5, 114, 107, 54, 4, 26, 114, 56, 54, 56, 51, 21, 10, 15, 107, 2]
[88, 7, 46, 121, 68, 2, 2, 56, 62, 49, 42, 40, 18, 25, 61, 79, 19, 101, 32, 109, 100, 122, 98, 76, 50, 48, 119, 14, 108, 106, 52, 48, 60, 77, 14, 93, 4, 85, 94, 39, 44, 61, 37, 33, 1]
[26, 27, 56, 113, 23, 90, 114, 58, 91, 45, 112, 59, 26, 49, 29, 19, 113, 89, 41, 122, 77, 17, 73, 15, 19, 107, 4, 69, 77, 88, 5, 7, 2, 20, 66, 85, 7, 123, 119, 21, 111, 18, 22, 74, 66]
[104, 50, 90, 86, 93, 4, 39, 103, 108, 90, 116, 2, 121, 46, 41, 52, 3, 34, 63, 19, 22, 122, 86, 67, 79, 50, 91, 0, 85, 10, 41, 87, 4, 115, 15, 43, 115, 21, 43, 32, 123, 89, 53, 85, 60]
[111, 110, 29, 78, 63, 11, 100, 62, 6, 20, 49, 34, 51, 5, 60, 0, 115, 40, 62, 78, 115, 20, 112, 84, 62, 106, 52, 79, 96, 79, 107, 17, 92, 85, 42, 114, 11, 117, 7, 123, 5, 19, 69, 14, 10]
[73, 38, 110, 105, 30, 39, 59, 79, 69, 39, 45, 57, 55, 22, 30, 36, 94, 30, 97, 68, 26, 119, 12, 18, 9, 64, 41, 47, 111, 74, 35, 73, 68, 73, 5, 1, 102, 10, 94, 110, 38, 30, 19, 117, 10]
[100, 49, 5, 20, 38, 73, 104, 96, 5, 52, 11, 101, 8, 32, 91, 104, 62, 103, 3, 72, 52, 28, 83, 47, 94, 2, 7, 0, 3, 2, 6, 113, 118, 22, 13, 33, 53, 90, 103, 73, 97, 4, 10, 21, 43]
[102, 46, 92, 33, 57, 42, 53, 37, 41, 81, 83, 76, 13, 57, 65, 80, 14, 34, 81, 52, 48, 48, 27, 20, 35, 51, 89, 99, 31, 56, 59, 40, 31, 104, 22, 40, 121, 121, 25, 103, 40, 75, 102, 113, 118]
[40, 116, 62, 33, 53, 16, 61, 60, 37, 54, 91, 112, 112, 27, 81, 21, 66, 7, 116, 30, 49, 66, 23, 90, 35, 15, 5, 47, 57, 114, 121, 49, 33, 16, 53, 65, 51, 90, 65, 76, 10, 119, 75, 117, 77]
[14, 119, 62, 50, 115, 9, 55, 38, 75, 88, 120, 17, 110, 58, 40, 42, 103, 106, 16, 70, 9, 59, 70, 97, 10, 89, 35, 12, 85, 43, 35, 50, 58, 50, 26, 82, 24, 108, 102, 2, 116, 42, 39, 10, 95]
[52, 85, 103, 53, 36, 104, 101, 83, 109, 61, 101, 13, 122, 53, 101, 111, 38, 58, 58, 56, 97, 81, 43, 67, 8, 43, 8, 104, 99, 107, 6, 47, 112, 0, 19, 9, 71, 12, 107, 3, 101, 0, 107, 114, 10]
[29, 77, 56, 17, 69, 10, 47, 72, 119, 90, 93, 68, 54, 64, 58, 53, 51, 89, 70, 20, 113, 102, 5, 71, 9, 51, 32, 17, 12, 111, 56, 80, 91, 105, 71, 17, 53, 100, 94, 41, 61, 55, 53, 21, 30]
