[111, 122, 10]
[9, 75, 59, 53, 10]
[115, 105, 39, 96, 47, 10, 52]
[75, 9, 75, 116, 71, 10, 53, 38]
[59, 112, 97, 110, 53, 75, 38, 10, 53, 97, 24]
[39, 53, 27, 112, 96, 110, 111, 116, 29, 10, 53, 38]
[112, 57, 38, 59, 39, 110, 53, 110, 10, 30, 53]
[112, 52, 10, 110, 53, 38, 39]
[59, 10, 39, 38, 53, 110, 21, 53, 21, 77, 10, 39, 52]
[105, 59, 29, 105, 53, 57, 110, 39, 10]
[112, 59, 39, 53, 38, 110, 105, 10, 53, 110, 53, 29]
[2, 91, 46]
[38, 116, 10, 38, 93, 83, 97, 55, 10, 59, 53]
[53, 103, 97, 36, 10, 75]
[36, 103, 10, 31, 97]
[111, 31, 47, 36, 97, 10]
[29, 36, 50, 53, 111, 10, 39]
[71, 29, 116, 111, 97, 10, 53]
[97, 38, 39, 97, 53, 117, 61, 36, 53, 10]
[53, 103, 78, 55, 29, 10, 97]
[71, 55, 103, 97, 36, 72, 97, 10, 53]
[36, 111, 47, 53, 10, 30]
[31, 29, 39, 33, 38, 36, 93, 53, 39, 10]
[103, 47, 53, 97, 36, 10]
[31, 29, 103, 36, 10]
[39, 57, 36, 97, 111, 1, 10, 38, 10]
[27, 36, 103, 30, 10, 53, 96]
[55, 71, 36, 57, 39, 47, 53, 10]
[31, 29, 10, 83, 36, 53]
[53, 36, 96, 29, 39, 10, 53]
[39, 47, 10, 36, 53, 29, 10]
[103, 77, 39, 105, 10, 38, 53, 36]
[103, 10, 116, 31, 39, 36, 53, 10]
[53, 36, 111, 57, 97, 10]
[29, 39, 97, 53, 116, 61, 36, 39, 38, 10]
[29, 36, 53, 47, 29, 10, 53]
[86, 70, 59, 41, 110, 91, 53, 55, 29]
[21, 86, 99, 30, 38, 36, 70, 53, 41, 47, 10, 93, 53, 39, 96, 10, 21]
[38, 111, 70, 91, 53, 96, 97, 21, 10, 105, 38, 117, 53, 29, 10, 96]
[123, 38, 47, 44, 27, 36, 57, 103, 91, 47, 10, 97]
[38, 115, 30, 59, 110, 53, 86, 65, 10, 36, 117, 97, 10]
[103, 97, 71, 36, 53, 111, 41, 53, 77, 97, 41, 53, 10, 8, 47]
[97, 53, 77, 111, 55, 36, 41, 53, 39, 10, 41, 52]
[71, 36, 97, 41, 103, 53, 21, 10, 26, 30]
[103, 23, 102, 53, 57, 53, 71, 21, 47, 41, 10, 97, 10, 59, 53]
[97, 111, 71, 10, 65, 36, 41, 39, 26, 53, 47, 10, 30]
[111, 9, 52, 55, 57, 10]
[39, 55, 53, 57, 10, 30]
[97, 57, 103, 10, 105, 26]
[103, 55, 57, 10, 53]
