[30, 57, 116, 33, 111, 10, 29]
[103, 10]
[103, 29, 10]
[53]
[103, 55]
[53, 103, 30, 10]
[55, 39, 97, 55, 53, 10]
[111]
[111]
[111, 55, 30]
[111]
[103]
[53, 39, 111]
[53, 57, 38, 55, 39, 111, 10]
[103]
[103]
[111, 122, 10]
[111, 116, 10, 55, 53, 29]
[97, 53]
[39, 53, 10]
[111]
[103, 55, 53, 30]
[10, 111]
[29, 53, 55, 111]
[97, 111, 10]
[38, 53, 10, 111]
[10, 53]
[103]
[111]
[53, 39, 53, 10]
[111]
[10, 97, 93, 10, 103]
[111]
[103, 71, 105, 39]
[111]
[122, 10, 29, 103]
[103, 55]
[103, 71, 77, 53, 10]
[103, 88, 57, 97, 1, 53, 10]
[111, 10]
[111]
[111, 29, 10]
[39, 53]
[103, 30, 53, 10]
[103, 57, 10, 53, 30]
[53, 39, 111]
[97, 111, 55]
[103]
[103]
[103]
[112, 38, 97, 110, 53, 29, 10, 96]
[105, 112, 110, 105, 29, 105, 39, 53]
[39, 38, 115, 105, 117, 96, 10, 105, 96, 53]
[]
[47, 112, 9, 59, 38, 10, 53, 110, 47, 97, 110, 10, 53]
[38, 53, 21, 53, 105, 10, 105, 38, 30, 53]
[53, 105, 21, 53, 39, 116, 10, 38]
[112, 115, 97, 110, 96, 10, 29, 53]
[72, 38, 39, 10]
[114, 27, 105, 103, 38, 10, 96, 53, 10, 97]
[]
[27, 59, 97, 53]
[29, 112, 110, 105, 47, 115, 105, 39, 105, 96, 57, 29, 53, 38, 21, 10, 55, 39]
[53, 96, 10, 117, 21, 53, 29]
[10, 38, 10, 39]
[59, 38, 97, 53, 10]
[112, 38, 59, 110, 10, 53, 30]
[59, 38, 53, 10]
[]
[53, 39, 38, 21, 77, 24, 10]
[38, 10, 53, 21, 30, 53, 38]
[79, 59, 97, 53, 112, 64, 110, 53, 29, 10]
[47, 105, 39, 115, 105, 38, 96, 53, 97, 105, 10, 96, 117, 53]
[75, 53, 38, 55, 39, 53]
[38, 59, 53, 21, 10, 29, 110]
[30, 115, 105, 96, 30, 1, 10]
[105, 105, 57, 59, 10, 53, 110, 38, 21, 39]
[38, 59, 10, 39, 112, 105, 53, 110, 110, 105, 115, 110, 105, 96, 38, 21, 53, 10, 30]
[75, 75, 21, 75, 53, 97, 29, 10]
[47, 59, 112, 38, 96, 53, 105, 110, 105, 29, 53, 110, 47, 10]
[59, 39, 38, 53, 21, 10, 38, 110, 29, 21, 77, 10, 53]
[30, 115, 105, 96, 97, 105, 39, 105, 29, 47, 105, 10, 53, 55, 38, 21, 97, 10]
[53, 97, 116, 10, 53, 38]
[39, 105, 115, 21, 38, 96, 117, 53, 10]
[9, 75, 59, 53, 10]
[115, 105, 39, 96, 47, 10, 52]
[75, 9, 75, 116, 71, 10, 53, 38]
[59, 112, 97, 110, 53, 75, 38, 10, 53, 97, 24]
[39, 53, 27, 112, 96, 110, 111, 116, 29, 10, 53, 38]
[112, 57, 38, 59, 39, 110, 53, 110, 10, 30, 53]
[53, 105, 53, 21, 29, 116, 10, 38]
[38, 53, 21, 53, 30, 10]
[112, 52, 10, 110, 53, 38, 39]
[59, 10, 39, 38, 53, 110, 21, 53, 21, 77, 10, 39, 52]
[110, 38, 59, 97, 53, 10]
[53, 30, 21, 77, 10]
[53, 97, 53, 10]
[59, 21, 53, 10]
[105, 59, 29, 105, 53, 57, 110, 39, 10]
[112, 59, 39, 53, 38, 110, 105, 10, 53, 110, 53, 29]
[103, 39]
[29, 103]
[103, 30]
[97, 103]
[97, 103, 55]
[30, 103, 105]
[29, 111]
[53, 55, 111, 97]
[111, 26]
[103, 39, 55]
[10, 103, 29]
[39, 111]
[26, 111]
[29, 10, 111, 26]
[97, 30, 24, 103]
[29, 111]
[29, 116, 29, 103]
[103, 97, 105]
[111, 24]
[103, 116, 39]
[30, 111, 8, 55]
[39, 111]
[39, 103, 10]
[103, 39, 10, 8]
[53, 111, 55]
[30, 111, 8]
[111, 24]
[30, 103, 105]
[38, 103, 97]
[10, 111]
[97, 116, 29, 103]
[103, 39]
[103, 97, 10]
[39, 111]
[30, 111, 24]
[39, 53, 55]
[29, 26, 53, 116, 39]
[53, 57, 103, 30, 10]
[111, 30]
[97, 116, 29, 103]
[111, 9, 38, 30, 10]
[111]
[39, 111, 10]
[29, 111, 10]
[29, 53]
[53, 10, 39, 111]
[97, 116, 29, 103]
[39, 111]
[29, 53]
[111, 30]
[]
[]
[]
[41, 2]
[46]
[]
[53]
[91, 46]
[26, 41, 53, 10]
[]
[]
[]
[46]
[46]
[2]
[]
[46, 2]
[]
[46]
[]
[]
[]
[116, 117, 97]
[53, 10]
[38, 70, 47, 39, 38, 110, 53, 10]
[46]
[46, 2]
[]
[]
[2]
[]
[]
[2]
[2]
[]
[]
[]
[36]
[46]
[]
[]
[91]
[]
[]
[]
[2]
[2]
[]
[]
[2, 91, 46]
[]
[2]
[46, 23, 91, 2]
[]
[2, 41, 91]
[46]
[]
[2]
[91, 2, 46]
[91, 46]
[2]
[]
[46, 2]
[91, 41]
[]
[46, 2]
[2]
[46]
[41, 2]
[41, 91, 2]
[]
[91]
[46, 2]
[]
[]
[2]
[2, 46, 23, 91]
[2, 46, 23, 91]
[91, 2]
[41, 91]
[2]
[91]
[]
[2]
[91, 2, 41]
[2]
[46]
[46]
[]
[46, 2]
[91]
[]
[46]
[2, 91, 46]
[2]
[]
[91]
[]
[59, 47, 21, 70, 97, 55, 53, 10, 96]
[83, 97, 10, 38]
[59, 96, 97, 110, 53, 105, 116, 97, 10, 96, 53]
[59, 39, 110, 55, 53]
[10]
[38, 116, 10, 38, 93, 83, 97, 55, 10, 59, 53]
[117, 39, 83, 70, 59, 96, 10, 110, 53]
[86, 115, 59, 91, 38, 75, 53, 30, 40, 10, 30]
[30, 70, 96, 86, 38, 91, 116, 111, 10, 53, 39, 24]
[59, 53]
[116, 110, 10, 29, 53, 83, 59, 10, 53]
[110, 86, 91, 46, 47, 38, 40, 21, 29, 10]
[]
[83, 90, 65, 53, 61, 38, 29, 10]
[]
[63, 105, 105, 53, 65, 55, 61, 97, 110, 10]
[38, 59, 57, 110, 97, 38, 53, 10]
[59, 86, 39, 110, 41, 10, 53]
[]
[96, 38, 21, 116, 53, 10, 97]
[21]
[86, 115, 109, 91, 39, 40, 10]
[29, 53, 105, 59, 97, 83, 53, 39]
[116, 117, 86, 38, 30, 41, 10, 91, 97]
[115, 10, 53]
[9, 53, 10, 59, 39, 53]
[]
[9, 59, 10, 53]
[39, 97, 10]
[59, 105, 53, 30]
[29, 10]
[39, 97, 10]
[90, 86, 91, 10, 41, 53]
[47, 75, 91, 86, 93, 21, 53, 10, 97, 41, 38, 97]
[86, 53, 91, 10, 97, 52]
[97, 86, 53, 59, 97, 53, 96, 38, 41, 10, 110, 30]
[]
[91, 86, 41, 23, 24, 59, 39]
[10, 21, 105, 59, 30, 110, 83, 53, 39]
[]
[38, 91, 52, 83, 47, 53, 90, 97, 10, 21]
[83, 47, 88, 59, 53, 65, 97, 38, 30, 10]
[39, 10, 59, 21, 90, 1]
[116, 91, 59, 10, 83, 53]
[86, 36, 41, 39]
[96, 47, 53, 39, 10, 52]
[21, 91, 86, 39, 8, 41]
[116, 55, 86, 97, 47, 41, 30, 10, 53]
[30, 86, 53, 39, 117, 66, 33, 41, 38, 91, 70, 116, 10, 21, 39]
[36, 97, 31, 111, 53, 10]
[36, 53, 111, 97, 71, 10]
[53, 111, 29, 10, 36, 96]
[57, 55, 111, 53, 97, 31, 55, 96, 36]
[36, 111, 97, 75, 77, 75, 10, 90, 53, 29]
[111, 29, 36, 47, 10, 30]
[53, 38, 103, 30, 36, 10]
[103, 31, 36, 53, 97, 10]
[111, 47, 116, 97, 53, 47, 36, 71, 10, 39]
[53, 103, 97, 36, 10, 75]
[36, 103, 10, 31, 97]
[39, 71, 55, 65, 53, 47, 39, 10, 36]
[36, 97, 103]
[31, 39, 36, 53, 10]
[111, 36, 47, 39, 53, 116, 38, 10, 97]
[111, 31, 47, 36, 97, 10]
[29, 36, 50, 53, 111, 10, 39]
[71, 29, 116, 111, 97, 10, 53]
[97, 38, 39, 97, 53, 117, 61, 36, 53, 10]
[97, 103, 10, 53, 36]
[36, 10, 39, 53]
[31, 29, 36, 71, 111, 21, 10, 21]
[39, 36, 53, 10]
[53, 103, 78, 55, 29, 10, 97]
[71, 55, 103, 97, 36, 72, 97, 10, 53]
[39, 97, 36, 53, 47, 55]
[36, 111, 47, 53, 10, 30]
[111, 47, 97, 10, 36]
[111, 47, 97, 36, 10]
[103, 10, 47, 29, 10, 36]
[103, 53, 36, 47, 10, 29]
[31, 29, 39, 33, 38, 36, 93, 53, 39, 10]
[29, 36, 55, 103]
[36, 111, 10, 39]
[103, 47, 53, 97, 36, 10]
[31, 29, 103, 36, 10]
[39, 57, 36, 97, 111, 1, 10, 38, 10]
[27, 36, 103, 30, 10, 53, 96]
[55, 71, 36, 57, 39, 47, 53, 10]
[53, 103, 97, 10]
[31, 29, 10, 83, 36, 53]
[53, 36, 96, 29, 39, 10, 53]
[39, 47, 10, 36, 53, 29, 10]
[36, 97, 10, 53, 47, 111, 97, 55]
[103, 77, 39, 105, 10, 38, 53, 36]
[103, 10, 116, 31, 39, 36, 53, 10]
[103, 96, 97, 53, 10, 36]
[53, 36, 111, 57, 97, 10]
[29, 39, 97, 53, 116, 61, 36, 39, 38, 10]
[29, 36, 53, 47, 29, 10, 53]
[116, 29, 38]
[30, 122, 86, 38, 97, 1, 10, 41, 91, 21]
[38, 53, 21, 86, 46, 29, 91, 40, 97, 115, 39, 10]
[110, 26, 91, 38, 53, 10, 29, 97, 1, 55]
[96, 38, 91, 53, 47, 36, 39, 21, 10, 91, 53]
[86, 59, 41, 53, 10, 110, 30]
[]
[86, 36, 97, 57, 10, 111, 40, 91, 53, 39]
[99, 40, 97, 71, 36, 91, 10, 30]
[86, 29, 53, 10, 40, 91, 97, 10]
[59, 39, 53, 10]
[91, 30, 38, 10, 39]
[38, 86, 97, 55, 97, 91, 21, 10]
[10, 115, 86, 96, 38, 30, 53, 10, 91, 30]
[65, 97, 86, 38, 10, 53, 55, 116, 40, 30, 52]
[111, 38, 53, 97, 10, 30, 91, 96]
[91, 38, 70, 116, 86, 97, 53, 41, 10]
[38, 96, 21, 53, 36, 53, 30, 10, 52]
[38, 70, 39, 91, 97, 55, 96, 111, 86, 53, 10]
[71, 55, 21, 55, 97, 10]
[70, 10, 59, 117, 96, 105, 65, 96, 97, 110, 53, 10, 38, 39]
[86, 10, 99, 36, 21, 47, 38, 55, 10, 115, 53, 97]
[115, 36, 117, 91, 21, 55, 57, 53, 29, 38, 97, 10]
[30, 36, 10, 53, 97, 111]
[47, 21, 99, 36, 53, 10]
[29, 86, 53, 97, 65, 10, 52, 91, 55, 41]
[86, 59, 110, 91, 53, 116, 40, 21, 30, 10]
[115, 86, 59, 29, 10, 91, 41, 26, 97]
[27, 30, 59, 86, 111, 116, 10, 29, 53, 21, 40, 53, 91]
[53]
[38, 36, 91, 10]
[70, 59, 117, 110, 86, 97, 10, 55, 53, 91, 41, 39]
[97, 96, 38, 83, 39, 110, 53, 55, 97, 10]
[39, 38, 115, 97, 55, 21, 10, 53, 55, 53, 91, 39, 10, 8]
[38, 21, 86, 39, 99, 36, 53, 36, 55, 111, 97, 53, 115, 97, 26, 10, 97]
[99, 86, 99, 21, 41, 36, 77, 91, 111, 10, 97, 115, 10, 38, 30, 53, 26, 97]
[111, 29, 53, 55, 91, 110, 97, 10]
[39, 10, 38, 97, 70, 47, 10, 96, 39, 91, 29]
[21, 39, 53, 115, 91, 38, 10, 29]
[59, 53, 10]
[86, 70, 59, 41, 110, 91, 53, 55, 29]
[21, 71, 97, 97, 10]
[21, 86, 99, 30, 38, 36, 70, 53, 41, 47, 10, 93, 53, 39, 96, 10, 21]
[38, 111, 70, 91, 53, 96, 97, 21, 10, 105, 38, 117, 53, 29, 10, 96]
[123, 38, 47, 44, 27, 36, 57, 103, 91, 47, 10, 97]
[123, 38, 44, 97, 53, 105, 70, 36, 36, 96, 10, 53, 97]
[10, 102, 53, 116, 90, 65, 38, 91, 97, 10, 30]
[36, 53, 97, 115, 65, 1, 26, 91, 21, 38, 10, 39]
[123, 70, 44, 10, 110, 91, 90, 53, 29]
[38, 115, 30, 59, 110, 53, 86, 65, 10, 36, 117, 97, 10]
[103, 97, 71, 36, 53, 111, 41, 53, 77, 97, 41, 53, 10, 8, 47]
[103, 53, 39, 36, 103, 71, 47, 41, 53, 26, 10, 97, 53]
[71, 103, 102, 53, 46, 10, 21, 111, 39, 41, 52, 61, 10, 39]
[46, 103, 71, 53, 21, 10, 102, 30, 41, 30]
[102, 103, 41, 9, 97, 71, 53, 41, 47, 10, 53]
[53, 36, 109, 55, 41, 111, 57, 52, 71, 10, 53, 47, 26, 39, 55]
[55, 71, 111, 77, 53, 10, 36, 29, 39, 41, 46, 53, 39]
[53, 102, 111, 10, 71, 41, 97, 40, 10]
[71, 72, 53, 102, 103, 23, 61, 29, 10, 41, 30, 53]
[41, 39, 71, 77, 111, 36, 39, 40, 53, 10, 46, 26]
[99, 102, 5, 25, 40, 111, 71, 23, 10, 53]
[71, 53, 39, 36, 111, 46, 47, 53, 10, 97, 41]
[102, 53, 111, 10, 41, 97, 61, 10, 71, 39, 10]
[97, 53, 77, 111, 55, 36, 41, 53, 39, 10, 41, 52]
[111, 39, 53, 23, 102, 30, 71, 115, 10, 39, 61, 10, 45, 21, 41, 53]
[27, 71, 103, 53, 99, 21, 41, 46, 102, 29, 41, 10]
[36, 103, 71, 53, 47, 29, 10, 53, 26, 29, 41, 39]
[41, 111, 47, 36, 105, 10, 30]
[53, 71, 10, 111, 102, 25, 41, 53]
[103, 53, 71, 21, 102, 8, 41, 39, 53, 10]
[111, 53, 15, 102, 46, 71, 29, 61, 10, 53, 41]
[53, 111, 36, 57, 47, 52, 29, 71, 41, 55, 53, 47, 10, 53, 46, 26]
[102, 103, 97, 41, 10, 71, 53, 46, 10]
[71, 36, 97, 41, 103, 53, 21, 10, 26, 30]
[71, 53, 55, 103, 10, 97, 41, 97, 39]
[103, 23, 102, 53, 57, 53, 71, 21, 47, 41, 10, 97, 10, 59, 53]
[102, 71, 103, 30, 41, 53, 10]
[71, 53, 111, 36, 1, 46, 57, 41, 97, 53, 47, 53, 10, 111, 29]
[53, 111, 61, 36, 23, 71, 1, 41, 30, 10, 53]
[102, 46, 53, 103, 55, 29, 111, 29, 71, 36, 8, 53, 47, 10, 41, 29]
[111, 53, 46, 36, 29, 71, 55, 41, 53, 10, 57, 47, 39, 53, 61, 10, 24]
[71, 39, 77, 53, 111, 41, 36, 97, 41, 10, 39, 53, 109, 41, 10]
[103, 102, 53, 71, 97, 21, 61, 10, 41, 53]
[111, 102, 8, 71, 41, 53, 10, 39]
[29, 99, 111, 102, 57, 39, 10, 23, 53, 71, 29, 41]
[71, 102, 53, 10, 111, 41, 30]
[10, 102, 111, 71, 53, 41, 61, 55, 21, 30]
[102, 103, 53, 41, 97, 40, 9, 46, 10, 61, 53, 71]
[102, 103, 10, 71, 53, 21, 41, 53, 23, 39]
[102, 111, 53, 57, 97, 47, 41, 71, 53, 10]
[102, 103, 53, 71, 21, 46, 53, 41, 30, 10]
[71, 103, 53, 47, 102, 21, 10, 111, 41, 30]
[29, 46, 36, 53, 41, 29, 53, 71, 111, 10, 47, 55, 97, 26, 55, 1]
[39, 77, 9, 103, 71, 53, 46, 36, 111, 47, 29, 53, 21, 10, 8, 41]
[9, 102, 26, 103, 71, 29, 99, 41, 10, 53, 21, 53]
[39, 111, 71, 36, 10, 53, 47, 41, 1, 97, 10, 46, 55, 53]
[39, 71, 109, 103, 53, 111, 41, 36, 117, 39, 55, 47, 10, 53]
[71, 102, 29, 41, 103, 53, 10, 39]
[102, 71, 111, 53, 10, 5, 61, 41, 39, 46, 53, 26, 41]
[97, 111, 71, 10, 65, 36, 41, 39, 26, 53, 47, 10, 30]
[9, 97, 46, 39, 25]
[53, 10]
[53, 72, 55, 97, 29]
[103, 97, 10, 8]
[30, 55, 8, 26]
[57, 53, 46, 53, 10]
[53, 70, 55]
[46, 8]
[57, 30, 55, 53, 10]
[111, 9, 52, 55, 57, 10]
[53, 10, 57, 29]
[46, 52, 55]
[111, 97, 10]
[39, 57, 10, 53]
[53, 55, 41]
[109, 41, 53]
[55, 53, 10]
[53, 10]
[52, 41, 53]
[39, 53, 41]
[97, 52, 10]
[39, 29, 41, 8]
[53, 10, 53]
[53, 46, 39, 26]
[55, 114, 53, 57, 47, 10]
[57, 10, 103, 8]
[46, 57, 53]
[39, 55, 53, 57, 10, 30]
[97, 57, 103, 10, 105, 26]
[53, 41, 55, 30]
[46, 10, 53]
[57, 55, 53, 46]
[57, 53, 10, 103]
[57, 53, 10]
[103, 55, 57, 10, 53]
[39, 103, 10, 57, 105, 26]
[57, 53, 10]
[46, 10, 53]
[111, 55, 57, 29, 10]
[53, 46]
[55, 41, 111, 1]
[53, 10]
[53, 41]
[111, 30, 77, 97, 39, 30, 10]
[39, 10, 53]
[21, 10, 25]
[10, 53, 10]
[53, 10]
[111, 21, 41, 25]
[103, 16, 10, 52, 30]
